1549.65 0 960 0 1549.65 540 0 0 1 
1548.99 0 960 0 1548.99 540 0 0 1 
1548.84 0 960 0 1548.84 540 0 0 1 
1548.9 0 960 0 1548.9 540 0 0 1 
1548.77 0 960 0 1548.77 540 0 0 1 
1548.72 0 960 0 1548.72 540 0 0 1 
1549.14 0 960 0 1549.14 540 0 0 1 
1549.04 0 960 0 1549.04 540 0 0 1 
1548.74 0 960 0 1548.74 540 0 0 1 
1548.41 0 960 0 1548.41 540 0 0 1 
1548.77 0 960 0 1548.77 540 0 0 1 
1548.68 0 960 0 1548.68 540 0 0 1 
1548.58 0 960 0 1548.58 540 0 0 1 
1548.71 0 960 0 1548.71 540 0 0 1 
1548.6 0 960 0 1548.6 540 0 0 1 
1548.67 0 960 0 1548.67 540 0 0 1 
1548.89 0 960 0 1548.89 540 0 0 1 
1548.59 0 960 0 1548.59 540 0 0 1 
1548.74 0 960 0 1548.74 540 0 0 1 
1548.65 0 960 0 1548.65 540 0 0 1 
1548.72 0 960 0 1548.72 540 0 0 1 
1548.7 0 960 0 1548.7 540 0 0 1 
1548.7 0 960 0 1548.7 540 0 0 1 
1548.64 0 960 0 1548.64 540 0 0 1 
1548.6 0 960 0 1548.6 540 0 0 1 
1548.62 0 960 0 1548.62 540 0 0 1 
1548.36 0 960 0 1548.36 540 0 0 1 
1548.35 0 960 0 1548.35 540 0 0 1 
1548.01 0 960 0 1548.01 540 0 0 1 
1548.08 0 960 0 1548.08 540 0 0 1 
1548.08 0 960 0 1548.08 540 0 0 1 
1547.98 0 960 0 1547.98 540 0 0 1 
1547.98 0 960 0 1547.98 540 0 0 1 
1549.04 0 960 0 1549.04 540 0 0 1 
1547.72 0 960 0 1547.72 540 0 0 1 
1547.94 0 960 0 1547.94 540 0 0 1 
1547.63 0 960 0 1547.63 540 0 0 1 
1547.29 0 960 0 1547.29 540 0 0 1 
1548.78 0 960 0 1548.78 540 0 0 1 
1547.4 0 960 0 1547.4 540 0 0 1 
1547.5 0 960 0 1547.5 540 0 0 1 
1549.1 0 960 0 1549.1 540 0 0 1 
1549.1 0 960 0 1549.1 540 0 0 1 
1549.09 0 960 0 1549.09 540 0 0 1 
1547.26 0 960 0 1547.26 540 0 0 1 
1549.16 0 960 0 1549.16 540 0 0 1 
1549.34 0 960 0 1549.34 540 0 0 1 
1549.03 0 960 0 1549.03 540 0 0 1 
1549.13 0 960 0 1549.13 540 0 0 1 
1549.65 0 960 0 1549.65 540 0 0 1 
1549.5 0 960 0 1549.5 540 0 0 1 
1549.57 0 960 0 1549.57 540 0 0 1 
1549.51 0 960 0 1549.51 540 0 0 1 
1549.59 0 960 0 1549.59 540 0 0 1 
1550.31 0 960 0 1550.31 540 0 0 1 
1549.61 0 960 0 1549.61 540 0 0 1 
1550.13 0 960 0 1550.13 540 0 0 1 
1549.85 0 960 0 1549.85 540 0 0 1 
1550.33 0 960 0 1550.33 540 0 0 1 
1550.21 0 960 0 1550.21 540 0 0 1 
1550.32 0 960 0 1550.32 540 0 0 1 
1550.15 0 960 0 1550.15 540 0 0 1 
1550.17 0 960 0 1550.17 540 0 0 1 
1549.96 0 960 0 1549.96 540 0 0 1 
1549.78 0 960 0 1549.78 540 0 0 1 
1550.06 0 960 0 1550.06 540 0 0 1 
1550.2 0 960 0 1550.2 540 0 0 1 
1550.5 0 960 0 1550.5 540 0 0 1 
1550.63 0 960 0 1550.63 540 0 0 1 
1550.82 0 960 0 1550.82 540 0 0 1 
1550.7 0 960 0 1550.7 540 0 0 1 
1550.45 0 960 0 1550.45 540 0 0 1 
1549.4 0 960 0 1549.4 540 0 0 1 
1550.55 0 960 0 1550.55 540 0 0 1 
1546.75 0 960 0 1546.75 540 0 0 1 
1547.08 0 960 0 1547.08 540 0 0 1 
1550.19 0 960 0 1550.19 540 0 0 1 
1547.04 0 960 0 1547.04 540 0 0 1 
1546.79 0 960 0 1546.79 540 0 0 1 
1546.86 0 960 0 1546.86 540 0 0 1 
1546.72 0 960 0 1546.72 540 0 0 1 
1546.82 0 960 0 1546.82 540 0 0 1 
1546.84 0 960 0 1546.84 540 0 0 1 
1547.04 0 960 0 1547.04 540 0 0 1 
1549.04 0 960 0 1549.04 540 0 0 1 
1549.12 0 960 0 1549.12 540 0 0 1 
1549.12 0 960 0 1549.12 540 0 0 1 
1549.29 0 960 0 1549.29 540 0 0 1 
1549.2 0 960 0 1549.2 540 0 0 1 
1548.92 0 960 0 1548.92 540 0 0 1 
1548.5 0 960 0 1548.5 540 0 0 1 
1572.89 0 960 0 1572.89 540 0 0 1 
1548.71 0 960 0 1548.71 540 0 0 1 
1548.56 0 960 0 1548.56 540 0 0 1 
1548.31 0 960 0 1548.31 540 0 0 1 
1545.1 0 960 0 1545.1 540 0 0 1 
1546.79 0 960 0 1546.79 540 0 0 1 
1546.96 0 960 0 1546.96 540 0 0 1 
1546.32 0 960 0 1546.32 540 0 0 1 
1546.49 0 960 0 1546.49 540 0 0 1 
1545.93 0 960 0 1545.93 540 0 0 1 
1545.75 0 960 0 1545.75 540 0 0 1 
1546.25 0 960 0 1546.25 540 0 0 1 
1546.37 0 960 0 1546.37 540 0 0 1 
1546.51 0 960 0 1546.51 540 0 0 1 
1546.32 0 960 0 1546.32 540 0 0 1 
1546.63 0 960 0 1546.63 540 0 0 1 
1546.17 0 960 0 1546.17 540 0 0 1 
1546.21 0 960 0 1546.21 540 0 0 1 
1546.65 0 960 0 1546.65 540 0 0 1 
1546.02 0 960 0 1546.02 540 0 0 1 
1546.57 0 960 0 1546.57 540 0 0 1 
1546.56 0 960 0 1546.56 540 0 0 1 
1546.69 0 960 0 1546.69 540 0 0 1 
1546.41 0 960 0 1546.41 540 0 0 1 
1546.6 0 960 0 1546.6 540 0 0 1 
1546.39 0 960 0 1546.39 540 0 0 1 
1546.45 0 960 0 1546.45 540 0 0 1 
1546.25 0 960 0 1546.25 540 0 0 1 
1546.32 0 960 0 1546.32 540 0 0 1 
1546.39 0 960 0 1546.39 540 0 0 1 
1546.58 0 960 0 1546.58 540 0 0 1 
1546.45 0 960 0 1546.45 540 0 0 1 
1546.27 0 960 0 1546.27 540 0 0 1 
1546.16 0 960 0 1546.16 540 0 0 1 
1545.85 0 960 0 1545.85 540 0 0 1 
1545.93 0 960 0 1545.93 540 0 0 1 
1545.98 0 960 0 1545.98 540 0 0 1 
1545.96 0 960 0 1545.96 540 0 0 1 
1545.77 0 960 0 1545.77 540 0 0 1 
1545.73 0 960 0 1545.73 540 0 0 1 
1545.83 0 960 0 1545.83 540 0 0 1 
1545.66 0 960 0 1545.66 540 0 0 1 
1545.89 0 960 0 1545.89 540 0 0 1 
1545.14 0 960 0 1545.14 540 0 0 1 
1545.29 0 960 0 1545.29 540 0 0 1 
1545.28 0 960 0 1545.28 540 0 0 1 
1544.98 0 960 0 1544.98 540 0 0 1 
1545.27 0 960 0 1545.27 540 0 0 1 
1545.26 0 960 0 1545.26 540 0 0 1 
1545.36 0 960 0 1545.36 540 0 0 1 
1545.44 0 960 0 1545.44 540 0 0 1 
1545.12 0 960 0 1545.12 540 0 0 1 
1545.09 0 960 0 1545.09 540 0 0 1 
1544.36 0 960 0 1544.36 540 0 0 1 
1544.66 0 960 0 1544.66 540 0 0 1 
1544.53 0 960 0 1544.53 540 0 0 1 
1544.55 0 960 0 1544.55 540 0 0 1 
1544.73 0 960 0 1544.73 540 0 0 1 
1545.23 0 960 0 1545.23 540 0 0 1 
1544.54 0 960 0 1544.54 540 0 0 1 
1544.82 0 960 0 1544.82 540 0 0 1 
1545.05 0 960 0 1545.05 540 0 0 1 
1545.22 0 960 0 1545.22 540 0 0 1 
1545.29 0 960 0 1545.29 540 0 0 1 
1545.04 0 960 0 1545.04 540 0 0 1 
1545.4 0 960 0 1545.4 540 0 0 1 
1545.41 0 960 0 1545.41 540 0 0 1 
1545.43 0 960 0 1545.43 540 0 0 1 
1545.54 0 960 0 1545.54 540 0 0 1 
1545.62 0 960 0 1545.62 540 0 0 1 
1545.66 0 960 0 1545.66 540 0 0 1 
1545.34 0 960 0 1545.34 540 0 0 1 
1545.09 0 960 0 1545.09 540 0 0 1 
1544.42 0 960 0 1544.42 540 0 0 1 
1544.46 0 960 0 1544.46 540 0 0 1 
1544.43 0 960 0 1544.43 540 0 0 1 
1544.15 0 960 0 1544.15 540 0 0 1 
1543.72 0 960 0 1543.72 540 0 0 1 
1545.03 0 960 0 1545.03 540 0 0 1 
1544.55 0 960 0 1544.55 540 0 0 1 
1544.41 0 960 0 1544.41 540 0 0 1 
1544.31 0 960 0 1544.31 540 0 0 1 
1544.7 0 960 0 1544.7 540 0 0 1 
1544.68 0 960 0 1544.68 540 0 0 1 
1545.04 0 960 0 1545.04 540 0 0 1 
1545.4 0 960 0 1545.4 540 0 0 1 
1545.21 0 960 0 1545.21 540 0 0 1 
1544.71 0 960 0 1544.71 540 0 0 1 
1544.81 0 960 0 1544.81 540 0 0 1 
1545.11 0 960 0 1545.11 540 0 0 1 
1545.14 0 960 0 1545.14 540 0 0 1 
1544.92 0 960 0 1544.92 540 0 0 1 
1545.13 0 960 0 1545.13 540 0 0 1 
1544.74 0 960 0 1544.74 540 0 0 1 
1545.57 0 960 0 1545.57 540 0 0 1 
1544.86 0 960 0 1544.86 540 0 0 1 
1545.41 0 960 0 1545.41 540 0 0 1 
1545 0 960 0 1545 540 0 0 1 
1545.18 0 960 0 1545.18 540 0 0 1 
1544.65 0 960 0 1544.65 540 0 0 1 
1544.33 0 960 0 1544.33 540 0 0 1 
1543.83 0 960 0 1543.83 540 0 0 1 
1544.1 0 960 0 1544.1 540 0 0 1 
1544.1 0 960 0 1544.1 540 0 0 1 
1544.07 0 960 0 1544.07 540 0 0 1 
1543.77 0 960 0 1543.77 540 0 0 1 
1543.83 0 960 0 1543.83 540 0 0 1 
1543.27 0 960 0 1543.27 540 0 0 1 
1543.49 0 960 0 1543.49 540 0 0 1 
1543.69 0 960 0 1543.69 540 0 0 1 
1543.47 0 960 0 1543.47 540 0 0 1 
1543.72 0 960 0 1543.72 540 0 0 1 
1544.11 0 960 0 1544.11 540 0 0 1 
1544.21 0 960 0 1544.21 540 0 0 1 
1544.29 0 960 0 1544.29 540 0 0 1 
1544.24 0 960 0 1544.24 540 0 0 1 
1543.89 0 960 0 1543.89 540 0 0 1 
1544.33 0 960 0 1544.33 540 0 0 1 
1544.3 0 960 0 1544.3 540 0 0 1 
1544.29 0 960 0 1544.29 540 0 0 1 
1544.51 0 960 0 1544.51 540 0 0 1 
1544.87 0 960 0 1544.87 540 0 0 1 
1544.58 0 960 0 1544.58 540 0 0 1 
1544.18 0 960 0 1544.18 540 0 0 1 
1544.12 0 960 0 1544.12 540 0 0 1 
1543.74 0 960 0 1543.74 540 0 0 1 
1543.82 0 960 0 1543.82 540 0 0 1 
1543.95 0 960 0 1543.95 540 0 0 1 
1543.93 0 960 0 1543.93 540 0 0 1 
1544.08 0 960 0 1544.08 540 0 0 1 
1544.43 0 960 0 1544.43 540 0 0 1 
1544.43 0 960 0 1544.43 540 0 0 1 
1544.78 0 960 0 1544.78 540 0 0 1 
1545.29 0 960 0 1545.29 540 0 0 1 
1545.84 0 960 0 1545.84 540 0 0 1 
1545.76 0 960 0 1545.76 540 0 0 1 
1546.09 0 960 0 1546.09 540 0 0 1 
1545.86 0 960 0 1545.86 540 0 0 1 
1546.76 0 960 0 1546.76 540 0 0 1 
1546.8 0 960 0 1546.8 540 0 0 1 
1546.8 0 960 0 1546.8 540 0 0 1 
1546.47 0 960 0 1546.47 540 0 0 1 
1546.08 0 960 0 1546.08 540 0 0 1 
1545.79 0 960 0 1545.79 540 0 0 1 
1545.37 0 960 0 1545.37 540 0 0 1 
1545.52 0 960 0 1545.52 540 0 0 1 
1545.3 0 960 0 1545.3 540 0 0 1 
1545.19 0 960 0 1545.19 540 0 0 1 
1545.53 0 960 0 1545.53 540 0 0 1 
1545.32 0 960 0 1545.32 540 0 0 1 
1545.67 0 960 0 1545.67 540 0 0 1 
1545.17 0 960 0 1545.17 540 0 0 1 
1545.17 0 960 0 1545.17 540 0 0 1 
1544.68 0 960 0 1544.68 540 0 0 1 
1545.37 0 960 0 1545.37 540 0 0 1 
1544.91 0 960 0 1544.91 540 0 0 1 
1544.81 0 960 0 1544.81 540 0 0 1 
1545.11 0 960 0 1545.11 540 0 0 1 
1545.15 0 960 0 1545.15 540 0 0 1 
1544.44 0 960 0 1544.44 540 0 0 1 
1544.49 0 960 0 1544.49 540 0 0 1 
1544.6 0 960 0 1544.6 540 0 0 1 
1544.6 0 960 0 1544.6 540 0 0 1 
1544.53 0 960 0 1544.53 540 0 0 1 
1544.44 0 960 0 1544.44 540 0 0 1 
1544.48 0 960 0 1544.48 540 0 0 1 
1543.71 0 960 0 1543.71 540 0 0 1 
1543.57 0 960 0 1543.57 540 0 0 1 
1543.5 0 960 0 1543.5 540 0 0 1 
1543.19 0 960 0 1543.19 540 0 0 1 
1542.35 0 960 0 1542.35 540 0 0 1 
1542.92 0 960 0 1542.92 540 0 0 1 
1542.89 0 960 0 1542.89 540 0 0 1 
1542.83 0 960 0 1542.83 540 0 0 1 
1542.98 0 960 0 1542.98 540 0 0 1 
1543.22 0 960 0 1543.22 540 0 0 1 
1543.61 0 960 0 1543.61 540 0 0 1 
1543.87 0 960 0 1543.87 540 0 0 1 
1543.76 0 960 0 1543.76 540 0 0 1 
1543.98 0 960 0 1543.98 540 0 0 1 
1544.18 0 960 0 1544.18 540 0 0 1 
1544.53 0 960 0 1544.53 540 0 0 1 
1544.63 0 960 0 1544.63 540 0 0 1 
1544.77 0 960 0 1544.77 540 0 0 1 
1544.63 0 960 0 1544.63 540 0 0 1 
1544.66 0 960 0 1544.66 540 0 0 1 
1545.02 0 960 0 1545.02 540 0 0 1 
1544.9 0 960 0 1544.9 540 0 0 1 
1545.05 0 960 0 1545.05 540 0 0 1 
1545.64 0 960 0 1545.64 540 0 0 1 
1546.09 0 960 0 1546.09 540 0 0 1 
1546.11 0 960 0 1546.11 540 0 0 1 
1546.44 0 960 0 1546.44 540 0 0 1 
1546.47 0 960 0 1546.47 540 0 0 1 
1546.29 0 960 0 1546.29 540 0 0 1 
1546.26 0 960 0 1546.26 540 0 0 1 
1546.42 0 960 0 1546.42 540 0 0 1 
1545.56 0 960 0 1545.56 540 0 0 1 
1545.86 0 960 0 1545.86 540 0 0 1 
1545.5 0 960 0 1545.5 540 0 0 1 
1545.55 0 960 0 1545.55 540 0 0 1 
1545.85 0 960 0 1545.85 540 0 0 1 
1545.69 0 960 0 1545.69 540 0 0 1 
1545.54 0 960 0 1545.54 540 0 0 1 
1545.44 0 960 0 1545.44 540 0 0 1 
1545.56 0 960 0 1545.56 540 0 0 1 
1545.62 0 960 0 1545.62 540 0 0 1 
1545.79 0 960 0 1545.79 540 0 0 1 
1546.31 0 960 0 1546.31 540 0 0 1 
1546.44 0 960 0 1546.44 540 0 0 1 
1546.08 0 960 0 1546.08 540 0 0 1 
1546.12 0 960 0 1546.12 540 0 0 1 
1546.26 0 960 0 1546.26 540 0 0 1 
1545.95 0 960 0 1545.95 540 0 0 1 
1545.66 0 960 0 1545.66 540 0 0 1 
1545.32 0 960 0 1545.32 540 0 0 1 
1545.1 0 960 0 1545.1 540 0 0 1 
1545.09 0 960 0 1545.09 540 0 0 1 
1545.35 0 960 0 1545.35 540 0 0 1 
1545.06 0 960 0 1545.06 540 0 0 1 
1545.21 0 960 0 1545.21 540 0 0 1 
1545.38 0 960 0 1545.38 540 0 0 1 
1545.66 0 960 0 1545.66 540 0 0 1 
1545.3 0 960 0 1545.3 540 0 0 1 
1545.61 0 960 0 1545.61 540 0 0 1 
1545.69 0 960 0 1545.69 540 0 0 1 
1545.41 0 960 0 1545.41 540 0 0 1 
1545.45 0 960 0 1545.45 540 0 0 1 
1545.76 0 960 0 1545.76 540 0 0 1 
1546 0 960 0 1546 540 0 0 1 
1545.43 0 960 0 1545.43 540 0 0 1 
1544.69 0 960 0 1544.69 540 0 0 1 
1544.85 0 960 0 1544.85 540 0 0 1 
1544.87 0 960 0 1544.87 540 0 0 1 
1544.65 0 960 0 1544.65 540 0 0 1 
1544.33 0 960 0 1544.33 540 0 0 1 
1544.53 0 960 0 1544.53 540 0 0 1 
1544.15 0 960 0 1544.15 540 0 0 1 
1544.55 0 960 0 1544.55 540 0 0 1 
1543.81 0 960 0 1543.81 540 0 0 1 
1544.3 0 960 0 1544.3 540 0 0 1 
1543.61 0 960 0 1543.61 540 0 0 1 
1543.92 0 960 0 1543.92 540 0 0 1 
1543.53 0 960 0 1543.53 540 0 0 1 
1543.65 0 960 0 1543.65 540 0 0 1 
1544.18 0 960 0 1544.18 540 0 0 1 
1544.61 0 960 0 1544.61 540 0 0 1 
1544.32 0 960 0 1544.32 540 0 0 1 
1544.23 0 960 0 1544.23 540 0 0 1 
1544.04 0 960 0 1544.04 540 0 0 1 
1543.53 0 960 0 1543.53 540 0 0 1 
1543.2 0 960 0 1543.2 540 0 0 1 
1542.92 0 960 0 1542.92 540 0 0 1 
1543.24 0 960 0 1543.24 540 0 0 1 
1542.81 0 960 0 1542.81 540 0 0 1 
1543.17 0 960 0 1543.17 540 0 0 1 
1543.06 0 960 0 1543.06 540 0 0 1 
1543.53 0 960 0 1543.53 540 0 0 1 
1542.87 0 960 0 1542.87 540 0 0 1 
1542.38 0 960 0 1542.38 540 0 0 1 
1543.87 0 960 0 1543.87 540 0 0 1 
1542.83 0 960 0 1542.83 540 0 0 1 
1542.87 0 960 0 1542.87 540 0 0 1 
1543.25 0 960 0 1543.25 540 0 0 1 
1545.22 0 960 0 1545.22 540 0 0 1 
1543.89 0 960 0 1543.89 540 0 0 1 
1543.79 0 960 0 1543.79 540 0 0 1 
1543.46 0 960 0 1543.46 540 0 0 1 
1543.54 0 960 0 1543.54 540 0 0 1 
1543.23 0 960 0 1543.23 540 0 0 1 
1543.48 0 960 0 1543.48 540 0 0 1 
1542.61 0 960 0 1542.61 540 0 0 1 
1542.53 0 960 0 1542.53 540 0 0 1 
1543.34 0 960 0 1543.34 540 0 0 1 
1543.51 0 960 0 1543.51 540 0 0 1 
1543.3 0 960 0 1543.3 540 0 0 1 
1542.91 0 960 0 1542.91 540 0 0 1 
1542.49 0 960 0 1542.49 540 0 0 1 
1542.06 0 960 0 1542.06 540 0 0 1 
1542.3 0 960 0 1542.3 540 0 0 1 
1541.33 0 960 0 1541.33 540 0 0 1 
1541.65 0 960 0 1541.65 540 0 0 1 
1542.2 0 960 0 1542.2 540 0 0 1 
1541.63 0 960 0 1541.63 540 0 0 1 
1541.6 0 960 0 1541.6 540 0 0 1 
1540.95 0 960 0 1540.95 540 0 0 1 
1541.18 0 960 0 1541.18 540 0 0 1 
1541.19 0 960 0 1541.19 540 0 0 1 
1541.12 0 960 0 1541.12 540 0 0 1 
1541.21 0 960 0 1541.21 540 0 0 1 
1541.33 0 960 0 1541.33 540 0 0 1 
1541.17 0 960 0 1541.17 540 0 0 1 
1540.58 0 960 0 1540.58 540 0 0 1 
1541.64 0 960 0 1541.64 540 0 0 1 
1541.89 0 960 0 1541.89 540 0 0 1 
1543.25 0 960 0 1543.25 540 0 0 1 
1543.62 0 960 0 1543.62 540 0 0 1 
1544.01 0 960 0 1544.01 540 0 0 1 
1543.75 0 960 0 1543.75 540 0 0 1 
1543.89 0 960 0 1543.89 540 0 0 1 
1543.49 0 960 0 1543.49 540 0 0 1 
1543.74 0 960 0 1543.74 540 0 0 1 
1543.76 0 960 0 1543.76 540 0 0 1 
1543.53 0 960 0 1543.53 540 0 0 1 
1543.99 0 960 0 1543.99 540 0 0 1 
1543.99 0 960 0 1543.99 540 0 0 1 
1543.98 0 960 0 1543.98 540 0 0 1 
1543.55 0 960 0 1543.55 540 0 0 1 
1543.54 0 960 0 1543.54 540 0 0 1 
1543.58 0 960 0 1543.58 540 0 0 1 
1544.23 0 960 0 1544.23 540 0 0 1 
1544.22 0 960 0 1544.22 540 0 0 1 
1544.31 0 960 0 1544.31 540 0 0 1 
1544.13 0 960 0 1544.13 540 0 0 1 
1544.15 0 960 0 1544.15 540 0 0 1 
1544.36 0 960 0 1544.36 540 0 0 1 
1544.15 0 960 0 1544.15 540 0 0 1 
1544.46 0 960 0 1544.46 540 0 0 1 
1544.77 0 960 0 1544.77 540 0 0 1 
1545.13 0 960 0 1545.13 540 0 0 1 
1545.19 0 960 0 1545.19 540 0 0 1 
1545.89 0 960 0 1545.89 540 0 0 1 
1545.53 0 960 0 1545.53 540 0 0 1 
1544.99 0 960 0 1544.99 540 0 0 1 
1545.76 0 960 0 1545.76 540 0 0 1 
1545.68 0 960 0 1545.68 540 0 0 1 
1546.03 0 960 0 1546.03 540 0 0 1 
1545.54 0 960 0 1545.54 540 0 0 1 
1545.43 0 960 0 1545.43 540 0 0 1 
1545.3 0 960 0 1545.3 540 0 0 1 
1544.1 0 960 0 1544.1 540 0 0 1 
1544.37 0 960 0 1544.37 540 0 0 1 
1543.98 0 960 0 1543.98 540 0 0 1 
1545.88 0 960 0 1545.88 540 0 0 1 
1545.66 0 960 0 1545.66 540 0 0 1 
1545.95 0 960 0 1545.95 540 0 0 1 
1546.03 0 960 0 1546.03 540 0 0 1 
1545.36 0 960 0 1545.36 540 0 0 1 
1546.35 0 960 0 1546.35 540 0 0 1 
1546.1 0 960 0 1546.1 540 0 0 1 
1545.92 0 960 0 1545.92 540 0 0 1 
1545.72 0 960 0 1545.72 540 0 0 1 
1545.35 0 960 0 1545.35 540 0 0 1 
1545.58 0 960 0 1545.58 540 0 0 1 
1545.49 0 960 0 1545.49 540 0 0 1 
1545.53 0 960 0 1545.53 540 0 0 1 
1545.23 0 960 0 1545.23 540 0 0 1 
1545.65 0 960 0 1545.65 540 0 0 1 
1546.11 0 960 0 1546.11 540 0 0 1 
1546.04 0 960 0 1546.04 540 0 0 1 
1545.78 0 960 0 1545.78 540 0 0 1 
1545.78 0 960 0 1545.78 540 0 0 1 
1545.73 0 960 0 1545.73 540 0 0 1 
1545.57 0 960 0 1545.57 540 0 0 1 
1545.01 0 960 0 1545.01 540 0 0 1 
1544.81 0 960 0 1544.81 540 0 0 1 
1544.55 0 960 0 1544.55 540 0 0 1 
1544.79 0 960 0 1544.79 540 0 0 1 
1544.49 0 960 0 1544.49 540 0 0 1 
1543.81 0 960 0 1543.81 540 0 0 1 
1543.59 0 960 0 1543.59 540 0 0 1 
1543.71 0 960 0 1543.71 540 0 0 1 
1543.95 0 960 0 1543.95 540 0 0 1 
1543.81 0 960 0 1543.81 540 0 0 1 
1543.37 0 960 0 1543.37 540 0 0 1 
1543.24 0 960 0 1543.24 540 0 0 1 
1543.15 0 960 0 1543.15 540 0 0 1 
1543.51 0 960 0 1543.51 540 0 0 1 
1543.14 0 960 0 1543.14 540 0 0 1 
1542.97 0 960 0 1542.97 540 0 0 1 
1542.78 0 960 0 1542.78 540 0 0 1 
1542.84 0 960 0 1542.84 540 0 0 1 
1542.71 0 960 0 1542.71 540 0 0 1 
1542.53 0 960 0 1542.53 540 0 0 1 
1541 0 960 0 1541 540 0 0 1 
1541.79 0 960 0 1541.79 540 0 0 1 
1541.65 0 960 0 1541.65 540 0 0 1 
1541.52 0 960 0 1541.52 540 0 0 1 
1541.97 0 960 0 1541.97 540 0 0 1 
1542.26 0 960 0 1542.26 540 0 0 1 
1542.66 0 960 0 1542.66 540 0 0 1 
1542.84 0 960 0 1542.84 540 0 0 1 
1542.35 0 960 0 1542.35 540 0 0 1 
1542.62 0 960 0 1542.62 540 0 0 1 
1542.58 0 960 0 1542.58 540 0 0 1 
1543.01 0 960 0 1543.01 540 0 0 1 
1543.47 0 960 0 1543.47 540 0 0 1 
1543.31 0 960 0 1543.31 540 0 0 1 
1542.26 0 960 0 1542.26 540 0 0 1 
1542.89 0 960 0 1542.89 540 0 0 1 
1543.36 0 960 0 1543.36 540 0 0 1 
1542.7 0 960 0 1542.7 540 0 0 1 
1542.76 0 960 0 1542.76 540 0 0 1 
1543.38 0 960 0 1543.38 540 0 0 1 
1542.9 0 960 0 1542.9 540 0 0 1 
1543.05 0 960 0 1543.05 540 0 0 1 
1543.46 0 960 0 1543.46 540 0 0 1 
1543.86 0 960 0 1543.86 540 0 0 1 
1543.44 0 960 0 1543.44 540 0 0 1 
1543.39 0 960 0 1543.39 540 0 0 1 
1543.23 0 960 0 1543.23 540 0 0 1 
1542.98 0 960 0 1542.98 540 0 0 1 
1542.79 0 960 0 1542.79 540 0 0 1 
1542.64 0 960 0 1542.64 540 0 0 1 
1542.57 0 960 0 1542.57 540 0 0 1 
1542.73 0 960 0 1542.73 540 0 0 1 
1542.39 0 960 0 1542.39 540 0 0 1 
1542.37 0 960 0 1542.37 540 0 0 1 
1542.43 0 960 0 1542.43 540 0 0 1 
1542.59 0 960 0 1542.59 540 0 0 1 
1542.3 0 960 0 1542.3 540 0 0 1 
1541.97 0 960 0 1541.97 540 0 0 1 
1542.37 0 960 0 1542.37 540 0 0 1 
1542.38 0 960 0 1542.38 540 0 0 1 
1541.98 0 960 0 1541.98 540 0 0 1 
1541.09 0 960 0 1541.09 540 0 0 1 
1541.52 0 960 0 1541.52 540 0 0 1 
1541.66 0 960 0 1541.66 540 0 0 1 
1541.59 0 960 0 1541.59 540 0 0 1 
1541.53 0 960 0 1541.53 540 0 0 1 
1541.33 0 960 0 1541.33 540 0 0 1 
1541.47 0 960 0 1541.47 540 0 0 1 
1541.67 0 960 0 1541.67 540 0 0 1 
1541.56 0 960 0 1541.56 540 0 0 1 
1541.68 0 960 0 1541.68 540 0 0 1 
1541.84 0 960 0 1541.84 540 0 0 1 
1541.41 0 960 0 1541.41 540 0 0 1 
1541.77 0 960 0 1541.77 540 0 0 1 
1541.43 0 960 0 1541.43 540 0 0 1 
1541.22 0 960 0 1541.22 540 0 0 1 
1541.28 0 960 0 1541.28 540 0 0 1 
1541.02 0 960 0 1541.02 540 0 0 1 
1541.59 0 960 0 1541.59 540 0 0 1 
1541.22 0 960 0 1541.22 540 0 0 1 
1541.2 0 960 0 1541.2 540 0 0 1 
1541.14 0 960 0 1541.14 540 0 0 1 
1540.72 0 960 0 1540.72 540 0 0 1 
1540.48 0 960 0 1540.48 540 0 0 1 
1540.11 0 960 0 1540.11 540 0 0 1 
1540.43 0 960 0 1540.43 540 0 0 1 
1539.65 0 960 0 1539.65 540 0 0 1 
1539.27 0 960 0 1539.27 540 0 0 1 
1538.2 0 960 0 1538.2 540 0 0 1 
1538.31 0 960 0 1538.31 540 0 0 1 
1537.43 0 960 0 1537.43 540 0 0 1 
1538.17 0 960 0 1538.17 540 0 0 1 
1538.43 0 960 0 1538.43 540 0 0 1 
1540.42 0 960 0 1540.42 540 0 0 1 
1540.97 0 960 0 1540.97 540 0 0 1 
1537.56 0 960 0 1537.56 540 0 0 1 
1537.75 0 960 0 1537.75 540 0 0 1 
1537.89 0 960 0 1537.89 540 0 0 1 
1538.02 0 960 0 1538.02 540 0 0 1 
1540.87 0 960 0 1540.87 540 0 0 1 
1537.87 0 960 0 1537.87 540 0 0 1 
1537.88 0 960 0 1537.88 540 0 0 1 
1537.34 0 960 0 1537.34 540 0 0 1 
1537.53 0 960 0 1537.53 540 0 0 1 
1536.87 0 960 0 1536.87 540 0 0 1 
1536.23 0 960 0 1536.23 540 0 0 1 
1537.77 0 960 0 1537.77 540 0 0 1 
1539.72 0 960 0 1539.72 540 0 0 1 
1540.15 0 960 0 1540.15 540 0 0 1 
1540.77 0 960 0 1540.77 540 0 0 1 
1538.16 0 960 0 1538.16 540 0 0 1 
1540.14 0 960 0 1540.14 540 0 0 1 
1539.61 0 960 0 1539.61 540 0 0 1 
1539.62 0 960 0 1539.62 540 0 0 1 
1539.57 0 960 0 1539.57 540 0 0 1 
1539.75 0 960 0 1539.75 540 0 0 1 
1540.16 0 960 0 1540.16 540 0 0 1 
1539.76 0 960 0 1539.76 540 0 0 1 
1539.36 0 960 0 1539.36 540 0 0 1 
1540.13 0 960 0 1540.13 540 0 0 1 
1540.86 0 960 0 1540.86 540 0 0 1 
1540.8 0 960 0 1540.8 540 0 0 1 
1541.53 0 960 0 1541.53 540 0 0 1 
1541.94 0 960 0 1541.94 540 0 0 1 
1542.35 0 960 0 1542.35 540 0 0 1 
1542.9 0 960 0 1542.9 540 0 0 1 
1542.82 0 960 0 1542.82 540 0 0 1 
1542.46 0 960 0 1542.46 540 0 0 1 
1543.12 0 960 0 1543.12 540 0 0 1 
1543.16 0 960 0 1543.16 540 0 0 1 
1543.15 0 960 0 1543.15 540 0 0 1 
1542.97 0 960 0 1542.97 540 0 0 1 
1543.09 0 960 0 1543.09 540 0 0 1 
1543.87 0 960 0 1543.87 540 0 0 1 
1546.43 0 960 0 1546.43 540 0 0 1 
1543.31 0 960 0 1543.31 540 0 0 1 
1543.52 0 960 0 1543.52 540 0 0 1 
1544.49 0 960 0 1544.49 540 0 0 1 
1543.47 0 960 0 1543.47 540 0 0 1 
1548.48 0 960 0 1548.48 540 0 0 1 
1543.23 0 960 0 1543.23 540 0 0 1 
1543.53 0 960 0 1543.53 540 0 0 1 
1545.46 0 960 0 1545.46 540 0 0 1 
1548.99 0 960 0 1548.99 540 0 0 1 
1542.67 0 960 0 1542.67 540 0 0 1 
1542.51 0 960 0 1542.51 540 0 0 1 
1542.72 0 960 0 1542.72 540 0 0 1 
1542.94 0 960 0 1542.94 540 0 0 1 
1543.02 0 960 0 1543.02 540 0 0 1 
1543.6 0 960 0 1543.6 540 0 0 1 
1542.55 0 960 0 1542.55 540 0 0 1 
1543.69 0 960 0 1543.69 540 0 0 1 
1544.12 0 960 0 1544.12 540 0 0 1 
1544.36 0 960 0 1544.36 540 0 0 1 
1544.54 0 960 0 1544.54 540 0 0 1 
1545.33 0 960 0 1545.33 540 0 0 1 
1544.76 0 960 0 1544.76 540 0 0 1 
1545.51 0 960 0 1545.51 540 0 0 1 
1545.03 0 960 0 1545.03 540 0 0 1 
1545.44 0 960 0 1545.44 540 0 0 1 
1545.37 0 960 0 1545.37 540 0 0 1 
1545.19 0 960 0 1545.19 540 0 0 1 
1544.8 0 960 0 1544.8 540 0 0 1 
1545.11 0 960 0 1545.11 540 0 0 1 
1544.55 0 960 0 1544.55 540 0 0 1 
1544.51 0 960 0 1544.51 540 0 0 1 
1543.66 0 960 0 1543.66 540 0 0 1 
1544.48 0 960 0 1544.48 540 0 0 1 
1546.69 0 960 0 1546.69 540 0 0 1 
1547.16 0 960 0 1547.16 540 0 0 1 
1547.33 0 960 0 1547.33 540 0 0 1 
1547.06 0 960 0 1547.06 540 0 0 1 
1547.12 0 960 0 1547.12 540 0 0 1 
1546.52 0 960 0 1546.52 540 0 0 1 
1546.48 0 960 0 1546.48 540 0 0 1 
1545.29 0 960 0 1545.29 540 0 0 1 
1544.83 0 960 0 1544.83 540 0 0 1 
1545.01 0 960 0 1545.01 540 0 0 1 
1545.06 0 960 0 1545.06 540 0 0 1 
1544.5 0 960 0 1544.5 540 0 0 1 
1544.62 0 960 0 1544.62 540 0 0 1 
1544.33 0 960 0 1544.33 540 0 0 1 
1544.22 0 960 0 1544.22 540 0 0 1 
1543.66 0 960 0 1543.66 540 0 0 1 
1543.7 0 960 0 1543.7 540 0 0 1 
1543.77 0 960 0 1543.77 540 0 0 1 
1544.04 0 960 0 1544.04 540 0 0 1 
1544.04 0 960 0 1544.04 540 0 0 1 
1543.99 0 960 0 1543.99 540 0 0 1 
1543.58 0 960 0 1543.58 540 0 0 1 
1543.25 0 960 0 1543.25 540 0 0 1 
1542.8 0 960 0 1542.8 540 0 0 1 
1543.08 0 960 0 1543.08 540 0 0 1 
1543.07 0 960 0 1543.07 540 0 0 1 
1543.67 0 960 0 1543.67 540 0 0 1 
1543.72 0 960 0 1543.72 540 0 0 1 
1543.56 0 960 0 1543.56 540 0 0 1 
1543.51 0 960 0 1543.51 540 0 0 1 
1543.4 0 960 0 1543.4 540 0 0 1 
1543.29 0 960 0 1543.29 540 0 0 1 
1543.28 0 960 0 1543.28 540 0 0 1 
1542.75 0 960 0 1542.75 540 0 0 1 
1542.72 0 960 0 1542.72 540 0 0 1 
1542.29 0 960 0 1542.29 540 0 0 1 
1541.74 0 960 0 1541.74 540 0 0 1 
1542.16 0 960 0 1542.16 540 0 0 1 
1541.77 0 960 0 1541.77 540 0 0 1 
1542.35 0 960 0 1542.35 540 0 0 1 
1541.56 0 960 0 1541.56 540 0 0 1 
1542 0 960 0 1542 540 0 0 1 
1541.07 0 960 0 1541.07 540 0 0 1 
1541.74 0 960 0 1541.74 540 0 0 1 
1541.64 0 960 0 1541.64 540 0 0 1 
1541.16 0 960 0 1541.16 540 0 0 1 
1537.87 0 960 0 1537.87 540 0 0 1 
1539.81 0 960 0 1539.81 540 0 0 1 
1539.43 0 960 0 1539.43 540 0 0 1 
1538.62 0 960 0 1538.62 540 0 0 1 
1538.19 0 960 0 1538.19 540 0 0 1 
1538.34 0 960 0 1538.34 540 0 0 1 
1538.2 0 960 0 1538.2 540 0 0 1 
1538.64 0 960 0 1538.64 540 0 0 1 
1538.84 0 960 0 1538.84 540 0 0 1 
1538.89 0 960 0 1538.89 540 0 0 1 
1540.09 0 960 0 1540.09 540 0 0 1 
1539.48 0 960 0 1539.48 540 0 0 1 
1539.64 0 960 0 1539.64 540 0 0 1 
1539.85 0 960 0 1539.85 540 0 0 1 
1539.34 0 960 0 1539.34 540 0 0 1 
1540.18 0 960 0 1540.18 540 0 0 1 
1540.76 0 960 0 1540.76 540 0 0 1 
1541.92 0 960 0 1541.92 540 0 0 1 
1543.57 0 960 0 1543.57 540 0 0 1 
1544.61 0 960 0 1544.61 540 0 0 1 
1543.2 0 960 0 1543.2 540 0 0 1 
1543.27 0 960 0 1543.27 540 0 0 1 
1542.78 0 960 0 1542.78 540 0 0 1 
1542.65 0 960 0 1542.65 540 0 0 1 
1542.35 0 960 0 1542.35 540 0 0 1 
1542.32 0 960 0 1542.32 540 0 0 1 
1542.28 0 960 0 1542.28 540 0 0 1 
1542.64 0 960 0 1542.64 540 0 0 1 
1542.91 0 960 0 1542.91 540 0 0 1 
1542.32 0 960 0 1542.32 540 0 0 1 
1542.68 0 960 0 1542.68 540 0 0 1 
1541.75 0 960 0 1541.75 540 0 0 1 
1542.6 0 960 0 1542.6 540 0 0 1 
1541.34 0 960 0 1541.34 540 0 0 1 
1542.46 0 960 0 1542.46 540 0 0 1 
1542.3 0 960 0 1542.3 540 0 0 1 
1541.11 0 960 0 1541.11 540 0 0 1 
1541.73 0 960 0 1541.73 540 0 0 1 
1542.07 0 960 0 1542.07 540 0 0 1 
1542.1 0 960 0 1542.1 540 0 0 1 
1542.13 0 960 0 1542.13 540 0 0 1 
1542.02 0 960 0 1542.02 540 0 0 1 
1541.96 0 960 0 1541.96 540 0 0 1 
1541.56 0 960 0 1541.56 540 0 0 1 
1541.08 0 960 0 1541.08 540 0 0 1 
1542.15 0 960 0 1542.15 540 0 0 1 
1541.4 0 960 0 1541.4 540 0 0 1 
1541.37 0 960 0 1541.37 540 0 0 1 
1542.01 0 960 0 1542.01 540 0 0 1 
1541.75 0 960 0 1541.75 540 0 0 1 
