768.75 0 562 0 768.75 374.5 0 0 1 
769.991 0 562 0 769.991 374.5 0 0 1 
770.075 0 562 0 770.075 374.5 0 0 1 
769.372 0 562 0 769.372 374.5 0 0 1 
768.005 0 562 0 768.005 374.5 0 0 1 
765.872 0 562 0 765.872 374.5 0 0 1 
764.496 0 562 0 764.496 374.5 0 0 1 
770.24 0 562 0 770.24 374.5 0 0 1 
770.366 0 562 0 770.366 374.5 0 0 1 
769.516 0 562 0 769.516 374.5 0 0 1 
769.649 0 562 0 769.649 374.5 0 0 1 
769.285 0 562 0 769.285 374.5 0 0 1 
769.158 0 562 0 769.158 374.5 0 0 1 
769.59 0 562 0 769.59 374.5 0 0 1 
765.753 0 562 0 765.753 374.5 0 0 1 
762.969 0 562 0 762.969 374.5 0 0 1 
763.845 0 562 0 763.845 374.5 0 0 1 
762.8 0 562 0 762.8 374.5 0 0 1 
766.197 0 562 0 766.197 374.5 0 0 1 
766.422 0 562 0 766.422 374.5 0 0 1 
767.832 0 562 0 767.832 374.5 0 0 1 
767.292 0 562 0 767.292 374.5 0 0 1 
767.314 0 562 0 767.314 374.5 0 0 1 
766.572 0 562 0 766.572 374.5 0 0 1 
763.434 0 562 0 763.434 374.5 0 0 1 
765.326 0 562 0 765.326 374.5 0 0 1 
766.049 0 562 0 766.049 374.5 0 0 1 
765.7 0 562 0 765.7 374.5 0 0 1 
767.331 0 562 0 767.331 374.5 0 0 1 
767.125 0 562 0 767.125 374.5 0 0 1 
767.71 0 562 0 767.71 374.5 0 0 1 
769.694 0 562 0 769.694 374.5 0 0 1 
770.525 0 562 0 770.525 374.5 0 0 1 
766.491 0 562 0 766.491 374.5 0 0 1 
767.637 0 562 0 767.637 374.5 0 0 1 
766.756 0 562 0 766.756 374.5 0 0 1 
768.573 0 562 0 768.573 374.5 0 0 1 
769.441 0 562 0 769.441 374.5 0 0 1 
768.481 0 562 0 768.481 374.5 0 0 1 
767.163 0 562 0 767.163 374.5 0 0 1 
766.911 0 562 0 766.911 374.5 0 0 1 
766.768 0 562 0 766.768 374.5 0 0 1 
766.901 0 562 0 766.901 374.5 0 0 1 
766.759 0 562 0 766.759 374.5 0 0 1 
765.352 0 562 0 765.352 374.5 0 0 1 
766.361 0 562 0 766.361 374.5 0 0 1 
767.348 0 562 0 767.348 374.5 0 0 1 
769.371 0 562 0 769.371 374.5 0 0 1 
767.4 0 562 0 767.4 374.5 0 0 1 
770.224 0 562 0 770.224 374.5 0 0 1 
768.41 0 562 0 768.41 374.5 0 0 1 
768.089 0 562 0 768.089 374.5 0 0 1 
769.018 0 562 0 769.018 374.5 0 0 1 
771.123 0 562 0 771.123 374.5 0 0 1 
767.339 0 562 0 767.339 374.5 0 0 1 
767.882 0 562 0 767.882 374.5 0 0 1 
771.556 0 562 0 771.556 374.5 0 0 1 
766.578 0 562 0 766.578 374.5 0 0 1 
767.811 0 562 0 767.811 374.5 0 0 1 
769.345 0 562 0 769.345 374.5 0 0 1 
767.293 0 562 0 767.293 374.5 0 0 1 
761.309 0 562 0 761.309 374.5 0 0 1 
755.962 0 562 0 755.962 374.5 0 0 1 
764.124 0 562 0 764.124 374.5 0 0 1 
756.698 0 562 0 756.698 374.5 0 0 1 
763.981 0 562 0 763.981 374.5 0 0 1 
767.22 0 562 0 767.22 374.5 0 0 1 
758.551 0 562 0 758.551 374.5 0 0 1 
752.261 0 562 0 752.261 374.5 0 0 1 
757.263 0 562 0 757.263 374.5 0 0 1 
751.606 0 562 0 751.606 374.5 0 0 1 
763.258 0 562 0 763.258 374.5 0 0 1 
750.582 0 562 0 750.582 374.5 0 0 1 
754.787 0 562 0 754.787 374.5 0 0 1 
767.79 0 562 0 767.79 374.5 0 0 1 
766.171 0 562 0 766.171 374.5 0 0 1 
767.174 0 562 0 767.174 374.5 0 0 1 
765.915 0 562 0 765.915 374.5 0 0 1 
771.443 0 562 0 771.443 374.5 0 0 1 
767.79 0 562 0 767.79 374.5 0 0 1 
765.642 0 562 0 765.642 374.5 0 0 1 
764.824 0 562 0 764.824 374.5 0 0 1 
765.432 0 562 0 765.432 374.5 0 0 1 
770.137 0 562 0 770.137 374.5 0 0 1 
767.61 0 562 0 767.61 374.5 0 0 1 
765.404 0 562 0 765.404 374.5 0 0 1 
767.586 0 562 0 767.586 374.5 0 0 1 
770.356 0 562 0 770.356 374.5 0 0 1 
769.602 0 562 0 769.602 374.5 0 0 1 
770.528 0 562 0 770.528 374.5 0 0 1 
770.794 0 562 0 770.794 374.5 0 0 1 
768.292 0 562 0 768.292 374.5 0 0 1 
769.891 0 562 0 769.891 374.5 0 0 1 
767.434 0 562 0 767.434 374.5 0 0 1 
769.945 0 562 0 769.945 374.5 0 0 1 
767.398 0 562 0 767.398 374.5 0 0 1 
770.68 0 562 0 770.68 374.5 0 0 1 
770.54 0 562 0 770.54 374.5 0 0 1 
765.359 0 562 0 765.359 374.5 0 0 1 
774.088 0 562 0 774.088 374.5 0 0 1 
765.671 0 562 0 765.671 374.5 0 0 1 
778.799 0 562 0 778.799 374.5 0 0 1 
780.139 0 562 0 780.139 374.5 0 0 1 
766.866 0 562 0 766.866 374.5 0 0 1 
769.981 0 562 0 769.981 374.5 0 0 1 
778.233 0 562 0 778.233 374.5 0 0 1 
771.934 0 562 0 771.934 374.5 0 0 1 
774.868 0 562 0 774.868 374.5 0 0 1 
773.595 0 562 0 773.595 374.5 0 0 1 
775.117 0 562 0 775.117 374.5 0 0 1 
776.722 0 562 0 776.722 374.5 0 0 1 
777.267 0 562 0 777.267 374.5 0 0 1 
779.347 0 562 0 779.347 374.5 0 0 1 
779.145 0 562 0 779.145 374.5 0 0 1 
778.145 0 562 0 778.145 374.5 0 0 1 
778.35 0 562 0 778.35 374.5 0 0 1 
777.463 0 562 0 777.463 374.5 0 0 1 
770.646 0 562 0 770.646 374.5 0 0 1 
769.261 0 562 0 769.261 374.5 0 0 1 
765.395 0 562 0 765.395 374.5 0 0 1 
768.865 0 562 0 768.865 374.5 0 0 1 
766.981 0 562 0 766.981 374.5 0 0 1 
765.111 0 562 0 765.111 374.5 0 0 1 
766.848 0 562 0 766.848 374.5 0 0 1 
766.388 0 562 0 766.388 374.5 0 0 1 
766.994 0 562 0 766.994 374.5 0 0 1 
762.272 0 562 0 762.272 374.5 0 0 1 
773.127 0 562 0 773.127 374.5 0 0 1 
763.767 0 562 0 763.767 374.5 0 0 1 
762.043 0 562 0 762.043 374.5 0 0 1 
761.367 0 562 0 761.367 374.5 0 0 1 
765.884 0 562 0 765.884 374.5 0 0 1 
766.825 0 562 0 766.825 374.5 0 0 1 
767.045 0 562 0 767.045 374.5 0 0 1 
767.052 0 562 0 767.052 374.5 0 0 1 
767.391 0 562 0 767.391 374.5 0 0 1 
763.274 0 562 0 763.274 374.5 0 0 1 
767.13 0 562 0 767.13 374.5 0 0 1 
760.453 0 562 0 760.453 374.5 0 0 1 
753.136 0 562 0 753.136 374.5 0 0 1 
762.215 0 562 0 762.215 374.5 0 0 1 
783.148 0 562 0 783.148 374.5 0 0 1 
766.259 0 562 0 766.259 374.5 0 0 1 
765.076 0 562 0 765.076 374.5 0 0 1 
767.557 0 562 0 767.557 374.5 0 0 1 
765.932 0 562 0 765.932 374.5 0 0 1 
764.498 0 562 0 764.498 374.5 0 0 1 
764.968 0 562 0 764.968 374.5 0 0 1 
747.144 0 562 0 747.144 374.5 0 0 1 
763.416 0 562 0 763.416 374.5 0 0 1 
761.154 0 562 0 761.154 374.5 0 0 1 
761.685 0 562 0 761.685 374.5 0 0 1 
762.233 0 562 0 762.233 374.5 0 0 1 
762.488 0 562 0 762.488 374.5 0 0 1 
755.738 0 562 0 755.738 374.5 0 0 1 
766.829 0 562 0 766.829 374.5 0 0 1 
767.425 0 562 0 767.425 374.5 0 0 1 
761.976 0 562 0 761.976 374.5 0 0 1 
763.222 0 562 0 763.222 374.5 0 0 1 
762.405 0 562 0 762.405 374.5 0 0 1 
766.131 0 562 0 766.131 374.5 0 0 1 
761.064 0 562 0 761.064 374.5 0 0 1 
775.114 0 562 0 775.114 374.5 0 0 1 
773.816 0 562 0 773.816 374.5 0 0 1 
776.341 0 562 0 776.341 374.5 0 0 1 
758.611 0 562 0 758.611 374.5 0 0 1 
776.364 0 562 0 776.364 374.5 0 0 1 
791.991 0 562 0 791.991 374.5 0 0 1 
760.21 0 562 0 760.21 374.5 0 0 1 
761.306 0 562 0 761.306 374.5 0 0 1 
760.78 0 562 0 760.78 374.5 0 0 1 
760.823 0 562 0 760.823 374.5 0 0 1 
773.071 0 562 0 773.071 374.5 0 0 1 
760.394 0 562 0 760.394 374.5 0 0 1 
758.52 0 562 0 758.52 374.5 0 0 1 
763.623 0 562 0 763.623 374.5 0 0 1 
764.202 0 562 0 764.202 374.5 0 0 1 
760.162 0 562 0 760.162 374.5 0 0 1 
766.471 0 562 0 766.471 374.5 0 0 1 
768.573 0 562 0 768.573 374.5 0 0 1 
760.386 0 562 0 760.386 374.5 0 0 1 
763.587 0 562 0 763.587 374.5 0 0 1 
774.659 0 562 0 774.659 374.5 0 0 1 
775.757 0 562 0 775.757 374.5 0 0 1 
774.218 0 562 0 774.218 374.5 0 0 1 
767.586 0 562 0 767.586 374.5 0 0 1 
768.161 0 562 0 768.161 374.5 0 0 1 
770.556 0 562 0 770.556 374.5 0 0 1 
768.979 0 562 0 768.979 374.5 0 0 1 
774.14 0 562 0 774.14 374.5 0 0 1 
775.595 0 562 0 775.595 374.5 0 0 1 
779.048 0 562 0 779.048 374.5 0 0 1 
779.955 0 562 0 779.955 374.5 0 0 1 
781.847 0 562 0 781.847 374.5 0 0 1 
782.833 0 562 0 782.833 374.5 0 0 1 
786.114 0 562 0 786.114 374.5 0 0 1 
786.662 0 562 0 786.662 374.5 0 0 1 
790.825 0 562 0 790.825 374.5 0 0 1 
792.711 0 562 0 792.711 374.5 0 0 1 
760.144 0 562 0 760.144 374.5 0 0 1 
795.707 0 562 0 795.707 374.5 0 0 1 
767.543 0 562 0 767.543 374.5 0 0 1 
767.081 0 562 0 767.081 374.5 0 0 1 
764.395 0 562 0 764.395 374.5 0 0 1 
766.644 0 562 0 766.644 374.5 0 0 1 
766.277 0 562 0 766.277 374.5 0 0 1 
765.263 0 562 0 765.263 374.5 0 0 1 
766.173 0 562 0 766.173 374.5 0 0 1 
764.623 0 562 0 764.623 374.5 0 0 1 
765.941 0 562 0 765.941 374.5 0 0 1 
765.953 0 562 0 765.953 374.5 0 0 1 
767.346 0 562 0 767.346 374.5 0 0 1 
766.558 0 562 0 766.558 374.5 0 0 1 
766.645 0 562 0 766.645 374.5 0 0 1 
766.13 0 562 0 766.13 374.5 0 0 1 
767.154 0 562 0 767.154 374.5 0 0 1 
766.718 0 562 0 766.718 374.5 0 0 1 
763.528 0 562 0 763.528 374.5 0 0 1 
762.681 0 562 0 762.681 374.5 0 0 1 
762.582 0 562 0 762.582 374.5 0 0 1 
759.418 0 562 0 759.418 374.5 0 0 1 
760.782 0 562 0 760.782 374.5 0 0 1 
760.489 0 562 0 760.489 374.5 0 0 1 
760.667 0 562 0 760.667 374.5 0 0 1 
761.909 0 562 0 761.909 374.5 0 0 1 
761.812 0 562 0 761.812 374.5 0 0 1 
762.263 0 562 0 762.263 374.5 0 0 1 
764.737 0 562 0 764.737 374.5 0 0 1 
765.807 0 562 0 765.807 374.5 0 0 1 
769.418 0 562 0 769.418 374.5 0 0 1 
770.882 0 562 0 770.882 374.5 0 0 1 
766.187 0 562 0 766.187 374.5 0 0 1 
763.683 0 562 0 763.683 374.5 0 0 1 
763.299 0 562 0 763.299 374.5 0 0 1 
763.088 0 562 0 763.088 374.5 0 0 1 
763.631 0 562 0 763.631 374.5 0 0 1 
765.058 0 562 0 765.058 374.5 0 0 1 
765.779 0 562 0 765.779 374.5 0 0 1 
765.223 0 562 0 765.223 374.5 0 0 1 
766.111 0 562 0 766.111 374.5 0 0 1 
767.164 0 562 0 767.164 374.5 0 0 1 
765.989 0 562 0 765.989 374.5 0 0 1 
765.925 0 562 0 765.925 374.5 0 0 1 
766.275 0 562 0 766.275 374.5 0 0 1 
770.876 0 562 0 770.876 374.5 0 0 1 
770.728 0 562 0 770.728 374.5 0 0 1 
770.182 0 562 0 770.182 374.5 0 0 1 
767.416 0 562 0 767.416 374.5 0 0 1 
764.695 0 562 0 764.695 374.5 0 0 1 
768.395 0 562 0 768.395 374.5 0 0 1 
757.054 0 562 0 757.054 374.5 0 0 1 
756.116 0 562 0 756.116 374.5 0 0 1 
761.989 0 562 0 761.989 374.5 0 0 1 
758.232 0 562 0 758.232 374.5 0 0 1 
766.344 0 562 0 766.344 374.5 0 0 1 
766.911 0 562 0 766.911 374.5 0 0 1 
755.976 0 562 0 755.976 374.5 0 0 1 
767.842 0 562 0 767.842 374.5 0 0 1 
764.744 0 562 0 764.744 374.5 0 0 1 
769.016 0 562 0 769.016 374.5 0 0 1 
769.349 0 562 0 769.349 374.5 0 0 1 
768.77 0 562 0 768.77 374.5 0 0 1 
768.909 0 562 0 768.909 374.5 0 0 1 
771.799 0 562 0 771.799 374.5 0 0 1 
771.273 0 562 0 771.273 374.5 0 0 1 
768.757 0 562 0 768.757 374.5 0 0 1 
769.26 0 562 0 769.26 374.5 0 0 1 
765.203 0 562 0 765.203 374.5 0 0 1 
764.359 0 562 0 764.359 374.5 0 0 1 
769.817 0 562 0 769.817 374.5 0 0 1 
767.772 0 562 0 767.772 374.5 0 0 1 
768.142 0 562 0 768.142 374.5 0 0 1 
768.657 0 562 0 768.657 374.5 0 0 1 
773.414 0 562 0 773.414 374.5 0 0 1 
774.301 0 562 0 774.301 374.5 0 0 1 
767.906 0 562 0 767.906 374.5 0 0 1 
766.849 0 562 0 766.849 374.5 0 0 1 
766.488 0 562 0 766.488 374.5 0 0 1 
770.474 0 562 0 770.474 374.5 0 0 1 
767.209 0 562 0 767.209 374.5 0 0 1 
766.097 0 562 0 766.097 374.5 0 0 1 
764.18 0 562 0 764.18 374.5 0 0 1 
765.616 0 562 0 765.616 374.5 0 0 1 
767.604 0 562 0 767.604 374.5 0 0 1 
768.231 0 562 0 768.231 374.5 0 0 1 
767.149 0 562 0 767.149 374.5 0 0 1 
767.291 0 562 0 767.291 374.5 0 0 1 
766.533 0 562 0 766.533 374.5 0 0 1 
763.488 0 562 0 763.488 374.5 0 0 1 
761.809 0 562 0 761.809 374.5 0 0 1 
770.656 0 562 0 770.656 374.5 0 0 1 
776.706 0 562 0 776.706 374.5 0 0 1 
760.434 0 562 0 760.434 374.5 0 0 1 
765.963 0 562 0 765.963 374.5 0 0 1 
766.831 0 562 0 766.831 374.5 0 0 1 
767.002 0 562 0 767.002 374.5 0 0 1 
762.633 0 562 0 762.633 374.5 0 0 1 
764.74 0 562 0 764.74 374.5 0 0 1 
766.27 0 562 0 766.27 374.5 0 0 1 
766.274 0 562 0 766.274 374.5 0 0 1 
766.418 0 562 0 766.418 374.5 0 0 1 
765.998 0 562 0 765.998 374.5 0 0 1 
765.914 0 562 0 765.914 374.5 0 0 1 
768.467 0 562 0 768.467 374.5 0 0 1 
765.591 0 562 0 765.591 374.5 0 0 1 
765.856 0 562 0 765.856 374.5 0 0 1 
766.017 0 562 0 766.017 374.5 0 0 1 
764.747 0 562 0 764.747 374.5 0 0 1 
768.423 0 562 0 768.423 374.5 0 0 1 
768.521 0 562 0 768.521 374.5 0 0 1 
768.733 0 562 0 768.733 374.5 0 0 1 
765.288 0 562 0 765.288 374.5 0 0 1 
765.678 0 562 0 765.678 374.5 0 0 1 
766.339 0 562 0 766.339 374.5 0 0 1 
763.745 0 562 0 763.745 374.5 0 0 1 
764.68 0 562 0 764.68 374.5 0 0 1 
770.035 0 562 0 770.035 374.5 0 0 1 
798.684 0 562 0 798.684 374.5 0 0 1 
796.84 0 562 0 796.84 374.5 0 0 1 
793.454 0 562 0 793.454 374.5 0 0 1 
789.86 0 562 0 789.86 374.5 0 0 1 
784.636 0 562 0 784.636 374.5 0 0 1 
783.412 0 562 0 783.412 374.5 0 0 1 
780.133 0 562 0 780.133 374.5 0 0 1 
779.564 0 562 0 779.564 374.5 0 0 1 
775.277 0 562 0 775.277 374.5 0 0 1 
771.27 0 562 0 771.27 374.5 0 0 1 
769.145 0 562 0 769.145 374.5 0 0 1 
768.421 0 562 0 768.421 374.5 0 0 1 
761.439 0 562 0 761.439 374.5 0 0 1 
