0.597681 1.3114 -4.29707 
-0.449388 1.13722 -3.90308 
-0.439003 1.18761 -4.09799 
-0.442026 1.24271 -4.31499 
0.675023 1.2814 -4.16853 
0.642435 1.29527 -4.22179 
0.720974 1.27271 -4.11564 
0.738074 1.27379 -4.10757 
0.766508 1.28713 -4.10075 
0.702016 1.27445 -4.13464 
0.776893 1.29267 -4.09708 
0.781247 1.29776 -4.09623 
0.757438 1.28307 -4.10173 
0.748488 1.27882 -4.10051 
0.771794 1.28886 -4.09979 
0.194597 1.43429 -4.87507 
0.363417 1.40742 -4.7433 
0.138514 1.46332 -5.00066 
0.00818761 1.41122 -4.94078 
0.0621338 1.46941 -5.13708 
0.558037 1.33367 -4.38923 
0.517172 1.35923 -4.49288 
0.473404 1.38554 -4.61043 
0.0326897 1.44449 -5.07026 
0.0973485 1.47909 -5.1061 
-0.0137744 1.36578 -4.76499 
-0.305323 1.30713 -4.55698 
-0.515689 1.09204 -3.74145 
-0.636962 1.05171 -3.61571 
-1.11544 0.967087 -3.49389 
-1.3296 1.12817 -4.07823 
-0.805756 1.02036 -3.53891 
-0.993802 0.992314 -3.50977 
-1.19711 0.978322 -3.53415 
-1.29949 1.06771 -3.84695 
-1.25791 1.01728 -3.659 
-1.43252 1.2732 -4.6204 
-1.36412 1.19836 -4.33982 
-1.47508 1.34651 -4.89622 
-1.77815 1.32793 -4.84623 
-1.71871 1.33345 -4.86008 
-1.71696 1.34828 -4.88535 
-2.01216 1.30858 -4.8134 
-1.71666 1.36502 -4.94558 
-1.56359 1.4093 -5.11773 
-1.53469 1.41133 -5.14585 
-2.27568 1.29636 -4.81104 
-1.54534 1.45528 -5.36633 
-1.54997 1.48928 -5.49444 
-1.56269 1.44424 -5.30226 
-1.56056 1.48131 -5.45402 
-1.55546 1.49754 -5.52464 
-2.50152 1.29801 -4.85417 
-2.71761 1.31141 -4.95135 
-2.70165 1.46979 -5.64788 
-2.7417 1.44671 -5.59336 
-2.81341 1.4847 -5.63113 
-2.89696 1.47633 -5.60114 
-2.99209 1.46709 -5.55753 
-3.08561 1.45067 -5.5111 
-3.26658 1.42019 -5.41295 
-3.17648 1.43619 -5.463 
-3.36151 1.40229 -5.36106 
-3.45805 1.38852 -5.31606 
-3.57383 1.37229 -5.27821 
-2.7558 1.48414 -5.64785 
-2.70718 1.48465 -5.67091 
-3.7053 1.35303 -5.24893 
-3.85425 1.33434 -5.23123 
-4.01526 1.32092 -5.23777 
-2.89606 1.2902 -5.05387 
-2.99103 1.29249 -5.1364 
-4.18359 1.31773 -5.27904 
-2.98412 1.32367 -5.24326 
-2.79776 1.40534 -5.50819 
-2.9193 1.35742 -5.36128 
-4.3546 1.3261 -5.37243 
-4.50899 1.3537 -5.52811 
-4.78268 1.38463 -4.55328 
-4.78929 1.39684 -4.59845 
-4.79508 1.41991 -4.6514 
-4.80182 1.44805 -4.73673 
-4.80335 1.4985 -4.89313 
-4.80384 1.5566 -5.12615 
-4.77812 1.34806 -4.42887 
-4.77016 1.2497 -3.97681 
-4.77453 1.29968 -4.2234 
-4.76759 1.20342 -3.76865 
-4.76357 1.1068 -3.63096 
-4.75871 1.09062 -3.55822 
-4.77194 1.09105 -3.48723 
-5.04395 1.10139 -3.43843 
-4.86691 1.09688 -3.44469 
-5.26512 1.10772 -3.46919 
-4.80044 1.6265 -5.38876 
-4.79599 1.68315 -5.6103 
-4.7885 1.72576 -5.78098 
-4.78138 1.75734 -5.90434 
-4.76909 1.78597 -5.96102 
-4.76107 1.7572 -5.97577 
-5.50816 1.12281 -3.53415 
-5.74332 1.14091 -3.65313 
-4.7461 1.62839 -6.0195 
-4.59188 1.3798 -5.75197 
-4.64636 1.43604 -5.88468 
-4.67866 1.46826 -5.96146 
-4.69934 1.41255 -6.01791 
-4.72906 1.42491 -6.0752 
-4.70886 1.26807 -6.08572 
-4.71338 1.1946 -6.11533 
-4.71822 1.25545 -6.10863 
-6.709 0.941902 -3.15354 
-6.94815 0.926404 -3.24427 
-7.21288 0.862314 -3.17134 
-7.32223 0.87705 -3.28008 
-7.39322 0.904061 -3.40132 
-7.94674 0.654058 -2.68081 
-8.02271 0.694807 -2.8782 
-8.27607 0.646342 -2.88827 
-8.27277 0.569883 -2.57933 
-8.26648 0.506784 -2.35045 
-8.25673 0.460096 -2.1977 
-8.12142 0.696571 -3.03498 
-8.32019 0.306184 -1.65807 
-8.33688 0.318623 -1.71493 
-8.16023 0.757683 -3.34594 
-8.36529 0.218256 -1.34319 
-8.49836 -0.117543 0.134086 
-8.63242 -0.0953164 0.13449 
-8.43844 -0.14795 0.121912 
-8.83335 -0.0881887 0.130626 
-8.4341 -0.172043 0.106734 
-8.44225 -0.179619 0.0961651 
-9.06454 -0.0880333 0.128438 
-9.28915 -0.134941 0.260213 
-8.27802 0.717234 -3.17339 
-8.2747 0.776518 -3.4225 
-8.27062 0.818987 -3.61621 
-8.19004 0.811858 -3.57955 
-8.26375 0.850679 -3.73239 
-8.25244 0.865766 -3.77454 
-8.23549 0.874218 -3.79363 
-8.21418 0.859789 -3.72833 
-9.4643 -0.337338 0.900068 
-9.58207 -0.561831 1.61841 
-9.60561 -0.787293 2.35257 
-9.56278 -0.979443 3.00834 
-7.55056 0.852673 -3.27565 
-9.46808 -1.15898 3.64357 
-9.44007 -1.26015 3.97798 
-9.45916 -1.30508 4.11447 
-9.59637 -1.34558 4.04439 
-9.75129 -1.39373 3.74638 
-9.49036 -1.33743 4.17416 
-9.97448 -1.44126 3.30638 
-10.1081 -1.32479 3.13987 
-9.86724 -1.46333 3.4935 
-10.2544 -1.21859 2.96485 
-10.4227 -1.14584 2.75576 
-10.7903 -1.15858 2.25352 
-10.6074 -1.14787 2.51902 
-11.0401 -1.10236 1.90964 
-10.9382 -1.13078 2.06573 
-11.1585 -0.884414 1.66816 
-11.1126 -1.03017 1.73808 
-11.1882 -0.673057 1.70242 
-11.2124 -0.450619 1.74346 
-11.0561 -0.863369 2.79383 
-11.0588 -0.817916 2.59242 
-11.0512 -0.924367 3.0436 
-11.0631 -0.824254 2.51535 
-11.0618 -0.808744 2.47432 
-11.0631 -0.804863 2.52451 
-11.0647 -0.688066 2.55518 
-11.0706 -0.532714 2.59792 
-11.0712 -0.470066 2.61733 
-11.0632 -0.81751 2.50974 
-11.0596 -0.794731 2.46532 
-11.0602 -0.799845 2.442 
-11.0674 -0.476396 2.61569 
-11.0454 -0.997194 3.34024 
-11.0397 -1.08418 3.67638 
-11.032 -1.18463 4.05248 
-11.0247 -1.2975 4.47213 
-11.0162 -1.42502 4.917 
-11.2187 -0.307895 1.78378 
-11.0311 -1.5767 5.46613 
-11.0173 -1.65827 5.71456 
-10.9894 -1.65598 5.66081 
-10.9812 -1.7269 5.90783 
-11.0195 -1.72162 5.89414 
-11.0035 -1.78394 6.063 
-10.978 -1.77918 6.08356 
-10.98 -1.81113 6.17003 
-10.9904 -1.81074 6.16483 
-11.0041 -1.55374 5.32661 
-11.1568 -0.350005 4.8145 
-11.1603 -0.363086 4.78188 
-11.1496 -0.351972 4.88104 
-11.1654 -0.233897 4.75329 
-11.14 -0.379867 5.00572 
-11.1789 -0.0503086 4.76276 
-11.1745 -0.135148 4.76496 
-11.11 -1.78781 4.60268 
-11.1094 -1.81846 4.59205 
-11.1089 -1.84851 4.58136 
-11.1097 -1.87879 4.56486 
-11.1135 -1.89836 4.52773 
-11.1236 -1.90859 4.46225 
-11.1449 -1.90065 4.36034 
-11.1051 -2.06549 4.50376 
-11.103 -2.10333 4.49052 
-11.1068 -2.02369 4.51417 
-11.1766 -1.87049 4.21833 
-11.1018 -1.92919 4.51402 
-11.2163 -1.81878 4.0442 
-11.2594 -1.75428 3.85071 
-10.4057 -2.17111 8.43465 
-10.4015 -2.16343 8.43564 
-10.6576 -2.18724 8.42063 
-10.4019 -2.15224 8.43762 
-10.8858 -2.19879 8.3968 
-11.1303 -2.20896 8.38218 
-10.4841 -2.17853 8.43308 
-10.6604 -2.39734 9.15611 
-10.5285 -2.50845 9.5605 
-10.311 -4.00288 7.84548 
-10.3142 -3.98965 7.82651 
-10.3051 -4.12944 7.7997 
-10.3211 -3.89388 7.83872 
-10.3252 -3.8609 7.78659 
-10.3277 -3.78984 7.68248 
-10.3265 -3.68649 7.51743 
-10.3476 -3.56315 7.98777 
-11.0662 -1.89302 4.13089 
-11.0257 -1.94751 4.28548 
-11.1098 -1.98999 4.52983 
-10.3215 -3.54444 7.28683 
-9.80807 -2.68494 10.4059 
-10.3133 -3.34712 6.98769 
-10.2971 -3.17106 6.6731 
-10.2781 -3.01707 6.38338 
-10.2568 -2.88289 6.1346 
-10.2315 -2.77504 5.92943 
-10.2018 -2.69447 5.78134 
-10.1675 -2.6639 5.71432 
-10.1328 -2.67266 5.72841 
-10.0976 -2.68691 5.78503 
-10.0754 -2.68295 5.82011 
-10.4195 -2.3972 5.30558 
-10.0702 -2.66338 5.83309 
-10.2198 -2.54905 5.61643 
-8.57912 -2.91732 11.5651 
-8.74243 -2.92141 11.5255 
-8.9004 -2.91009 11.4372 
-9.03693 -2.87976 11.2876 
-9.0126 -2.84903 11.1873 
-8.35955 -2.89737 11.5352 
-8.36386 -2.83643 11.3615 
-8.03289 -2.84397 11.2868 
-7.97408 -2.8555 11.4705 
-8.10863 -2.94645 11.083 
-8.19156 -3.11952 10.7334 
-8.15534 -3.0923 10.9119 
-8.23222 -3.00895 10.5066 
-8.27072 -2.90147 10.2396 
-8.302 -2.78871 9.99936 
-8.19704 -2.7171 9.81284 
-8.32753 -2.7454 9.82586 
-8.04445 -2.72755 9.89356 
-5.90219 -2.95204 11.2288 
-6.04182 -2.94717 11.1986 
-5.81224 -2.96282 11.2498 
-5.79571 -2.98039 11.2569 
-5.88858 -2.97196 11.3371 
-6.05925 -2.97947 11.2948 
-6.18908 -2.98077 11.2379 
-6.30905 0.987594 -3.2118 
-5.067 -3.07611 11.7453 
-11.1302 -0.347986 5.1701 
-10.4093 -2.38261 5.31746 
-8.36901 -0.00292981 -0.603224 
-6.43947 -2.91025 10.8618 
-11.134 -0.72667 4.85093 
-3.1426 -3.13233 12.2219 
-3.03119 -3.09728 12.3236 
-4.38471 -3.08679 11.9053 
