1025.24 0 640 0 1025.24 360 0 0 1 
1027.53 0 640 0 1027.53 360 0 0 1 
1027.6 0 640 0 1027.6 360 0 0 1 
1027.24 0 640 0 1027.24 360 0 0 1 
1025.58 0 640 0 1025.58 360 0 0 1 
1024.74 0 640 0 1024.74 360 0 0 1 
1025.89 0 640 0 1025.89 360 0 0 1 
1025.88 0 640 0 1025.88 360 0 0 1 
1025.71 0 640 0 1025.71 360 0 0 1 
1025.54 0 640 0 1025.54 360 0 0 1 
1026.12 0 640 0 1026.12 360 0 0 1 
1026.16 0 640 0 1026.16 360 0 0 1 
1025.9 0 640 0 1025.9 360 0 0 1 
1026.26 0 640 0 1026.26 360 0 0 1 
1025.81 0 640 0 1025.81 360 0 0 1 
1024.81 0 640 0 1024.81 360 0 0 1 
1024.82 0 640 0 1024.82 360 0 0 1 
1025.35 0 640 0 1025.35 360 0 0 1 
1027.32 0 640 0 1027.32 360 0 0 1 
1025.77 0 640 0 1025.77 360 0 0 1 
1024.9 0 640 0 1024.9 360 0 0 1 
1025.23 0 640 0 1025.23 360 0 0 1 
1025.07 0 640 0 1025.07 360 0 0 1 
1026.66 0 640 0 1026.66 360 0 0 1 
1025.45 0 640 0 1025.45 360 0 0 1 
1027.79 0 640 0 1027.79 360 0 0 1 
1024.95 0 640 0 1024.95 360 0 0 1 
1027.18 0 640 0 1027.18 360 0 0 1 
1026.98 0 640 0 1026.98 360 0 0 1 
1026.19 0 640 0 1026.19 360 0 0 1 
1023.03 0 640 0 1023.03 360 0 0 1 
1026.63 0 640 0 1026.63 360 0 0 1 
1026.31 0 640 0 1026.31 360 0 0 1 
1025.71 0 640 0 1025.71 360 0 0 1 
1023.79 0 640 0 1023.79 360 0 0 1 
1024.51 0 640 0 1024.51 360 0 0 1 
1022.62 0 640 0 1022.62 360 0 0 1 
1023.15 0 640 0 1023.15 360 0 0 1 
1022.79 0 640 0 1022.79 360 0 0 1 
1025.05 0 640 0 1025.05 360 0 0 1 
1026.31 0 640 0 1026.31 360 0 0 1 
1026.17 0 640 0 1026.17 360 0 0 1 
1026.53 0 640 0 1026.53 360 0 0 1 
1026.33 0 640 0 1026.33 360 0 0 1 
1026.69 0 640 0 1026.69 360 0 0 1 
1023.04 0 640 0 1023.04 360 0 0 1 
1026.16 0 640 0 1026.16 360 0 0 1 
1022.88 0 640 0 1022.88 360 0 0 1 
1022.93 0 640 0 1022.93 360 0 0 1 
1027.07 0 640 0 1027.07 360 0 0 1 
1025.91 0 640 0 1025.91 360 0 0 1 
1024.02 0 640 0 1024.02 360 0 0 1 
1026.71 0 640 0 1026.71 360 0 0 1 
1026.4 0 640 0 1026.4 360 0 0 1 
1023.54 0 640 0 1023.54 360 0 0 1 
1022.87 0 640 0 1022.87 360 0 0 1 
1024.68 0 640 0 1024.68 360 0 0 1 
1024.26 0 640 0 1024.26 360 0 0 1 
1024.31 0 640 0 1024.31 360 0 0 1 
1024.73 0 640 0 1024.73 360 0 0 1 
1024.79 0 640 0 1024.79 360 0 0 1 
1024.48 0 640 0 1024.48 360 0 0 1 
1025.77 0 640 0 1025.77 360 0 0 1 
1025.78 0 640 0 1025.78 360 0 0 1 
1025.59 0 640 0 1025.59 360 0 0 1 
1024.29 0 640 0 1024.29 360 0 0 1 
1022.72 0 640 0 1022.72 360 0 0 1 
1025.3 0 640 0 1025.3 360 0 0 1 
1025.7 0 640 0 1025.7 360 0 0 1 
1025.51 0 640 0 1025.51 360 0 0 1 
1026.22 0 640 0 1026.22 360 0 0 1 
1025.67 0 640 0 1025.67 360 0 0 1 
1025.75 0 640 0 1025.75 360 0 0 1 
1023.84 0 640 0 1023.84 360 0 0 1 
1022.83 0 640 0 1022.83 360 0 0 1 
1024.03 0 640 0 1024.03 360 0 0 1 
1025.65 0 640 0 1025.65 360 0 0 1 
1025.4 0 640 0 1025.4 360 0 0 1 
1026.71 0 640 0 1026.71 360 0 0 1 
1027.8 0 640 0 1027.8 360 0 0 1 
1027.73 0 640 0 1027.73 360 0 0 1 
1028.13 0 640 0 1028.13 360 0 0 1 
1028.01 0 640 0 1028.01 360 0 0 1 
1027.86 0 640 0 1027.86 360 0 0 1 
1028.27 0 640 0 1028.27 360 0 0 1 
1028.77 0 640 0 1028.77 360 0 0 1 
1028.64 0 640 0 1028.64 360 0 0 1 
1027.95 0 640 0 1027.95 360 0 0 1 
1029.03 0 640 0 1029.03 360 0 0 1 
1027.7 0 640 0 1027.7 360 0 0 1 
1027.82 0 640 0 1027.82 360 0 0 1 
1027.66 0 640 0 1027.66 360 0 0 1 
1027.92 0 640 0 1027.92 360 0 0 1 
1027.36 0 640 0 1027.36 360 0 0 1 
1027.83 0 640 0 1027.83 360 0 0 1 
1027.23 0 640 0 1027.23 360 0 0 1 
1026.96 0 640 0 1026.96 360 0 0 1 
1027.57 0 640 0 1027.57 360 0 0 1 
1026.66 0 640 0 1026.66 360 0 0 1 
1026.82 0 640 0 1026.82 360 0 0 1 
1027.33 0 640 0 1027.33 360 0 0 1 
1026.12 0 640 0 1026.12 360 0 0 1 
1026.54 0 640 0 1026.54 360 0 0 1 
1025.95 0 640 0 1025.95 360 0 0 1 
1026.13 0 640 0 1026.13 360 0 0 1 
1026.36 0 640 0 1026.36 360 0 0 1 
1026.88 0 640 0 1026.88 360 0 0 1 
1026.41 0 640 0 1026.41 360 0 0 1 
1026.79 0 640 0 1026.79 360 0 0 1 
1026.4 0 640 0 1026.4 360 0 0 1 
1026.7 0 640 0 1026.7 360 0 0 1 
1027.28 0 640 0 1027.28 360 0 0 1 
1026.72 0 640 0 1026.72 360 0 0 1 
1027.34 0 640 0 1027.34 360 0 0 1 
1027.58 0 640 0 1027.58 360 0 0 1 
1026.84 0 640 0 1026.84 360 0 0 1 
1027.15 0 640 0 1027.15 360 0 0 1 
1026.76 0 640 0 1026.76 360 0 0 1 
1028.97 0 640 0 1028.97 360 0 0 1 
1029.65 0 640 0 1029.65 360 0 0 1 
1028.98 0 640 0 1028.98 360 0 0 1 
1028.53 0 640 0 1028.53 360 0 0 1 
1027.13 0 640 0 1027.13 360 0 0 1 
1028.17 0 640 0 1028.17 360 0 0 1 
1028.64 0 640 0 1028.64 360 0 0 1 
1027.38 0 640 0 1027.38 360 0 0 1 
1028.95 0 640 0 1028.95 360 0 0 1 
1030.79 0 640 0 1030.79 360 0 0 1 
1030.89 0 640 0 1030.89 360 0 0 1 
1030.74 0 640 0 1030.74 360 0 0 1 
1030.77 0 640 0 1030.77 360 0 0 1 
1030.38 0 640 0 1030.38 360 0 0 1 
1030.46 0 640 0 1030.46 360 0 0 1 
1030.79 0 640 0 1030.79 360 0 0 1 
1030.24 0 640 0 1030.24 360 0 0 1 
1029.13 0 640 0 1029.13 360 0 0 1 
1028.62 0 640 0 1028.62 360 0 0 1 
1028.51 0 640 0 1028.51 360 0 0 1 
1027.56 0 640 0 1027.56 360 0 0 1 
1028.45 0 640 0 1028.45 360 0 0 1 
1028.42 0 640 0 1028.42 360 0 0 1 
1028.41 0 640 0 1028.41 360 0 0 1 
1027.84 0 640 0 1027.84 360 0 0 1 
1030.8 0 640 0 1030.8 360 0 0 1 
1031.44 0 640 0 1031.44 360 0 0 1 
1031.62 0 640 0 1031.62 360 0 0 1 
1031.77 0 640 0 1031.77 360 0 0 1 
1024 0 640 0 1024 360 0 0 1 
1032.28 0 640 0 1032.28 360 0 0 1 
1032.73 0 640 0 1032.73 360 0 0 1 
1032.47 0 640 0 1032.47 360 0 0 1 
1031.86 0 640 0 1031.86 360 0 0 1 
1031.71 0 640 0 1031.71 360 0 0 1 
1032.4 0 640 0 1032.4 360 0 0 1 
1031.33 0 640 0 1031.33 360 0 0 1 
1031.21 0 640 0 1031.21 360 0 0 1 
1031.5 0 640 0 1031.5 360 0 0 1 
1030.87 0 640 0 1030.87 360 0 0 1 
1030.78 0 640 0 1030.78 360 0 0 1 
1030.45 0 640 0 1030.45 360 0 0 1 
1031.37 0 640 0 1031.37 360 0 0 1 
1030.52 0 640 0 1030.52 360 0 0 1 
1030.39 0 640 0 1030.39 360 0 0 1 
1030.12 0 640 0 1030.12 360 0 0 1 
1030.57 0 640 0 1030.57 360 0 0 1 
1030.24 0 640 0 1030.24 360 0 0 1 
1030.48 0 640 0 1030.48 360 0 0 1 
1031.03 0 640 0 1031.03 360 0 0 1 
1030.73 0 640 0 1030.73 360 0 0 1 
1031.1 0 640 0 1031.1 360 0 0 1 
1030.52 0 640 0 1030.52 360 0 0 1 
1030.55 0 640 0 1030.55 360 0 0 1 
1030.43 0 640 0 1030.43 360 0 0 1 
1030.05 0 640 0 1030.05 360 0 0 1 
1030.33 0 640 0 1030.33 360 0 0 1 
1030.45 0 640 0 1030.45 360 0 0 1 
1030.47 0 640 0 1030.47 360 0 0 1 
1030.44 0 640 0 1030.44 360 0 0 1 
1030.28 0 640 0 1030.28 360 0 0 1 
1030.7 0 640 0 1030.7 360 0 0 1 
1031.31 0 640 0 1031.31 360 0 0 1 
1031.64 0 640 0 1031.64 360 0 0 1 
1032.27 0 640 0 1032.27 360 0 0 1 
1033.17 0 640 0 1033.17 360 0 0 1 
1033.82 0 640 0 1033.82 360 0 0 1 
1030.86 0 640 0 1030.86 360 0 0 1 
1031.21 0 640 0 1031.21 360 0 0 1 
1032.46 0 640 0 1032.46 360 0 0 1 
1034.67 0 640 0 1034.67 360 0 0 1 
1034.35 0 640 0 1034.35 360 0 0 1 
1032.28 0 640 0 1032.28 360 0 0 1 
1032.63 0 640 0 1032.63 360 0 0 1 
1034.45 0 640 0 1034.45 360 0 0 1 
1034.23 0 640 0 1034.23 360 0 0 1 
1033.62 0 640 0 1033.62 360 0 0 1 
1034.86 0 640 0 1034.86 360 0 0 1 
1030.38 0 640 0 1030.38 360 0 0 1 
1030.18 0 640 0 1030.18 360 0 0 1 
1029.46 0 640 0 1029.46 360 0 0 1 
1030.9 0 640 0 1030.9 360 0 0 1 
1029.71 0 640 0 1029.71 360 0 0 1 
1030.85 0 640 0 1030.85 360 0 0 1 
1031.05 0 640 0 1031.05 360 0 0 1 
1032.27 0 640 0 1032.27 360 0 0 1 
1032.43 0 640 0 1032.43 360 0 0 1 
1032.04 0 640 0 1032.04 360 0 0 1 
1032.31 0 640 0 1032.31 360 0 0 1 
1032.35 0 640 0 1032.35 360 0 0 1 
1032.45 0 640 0 1032.45 360 0 0 1 
1031.81 0 640 0 1031.81 360 0 0 1 
1032.47 0 640 0 1032.47 360 0 0 1 
1032.8 0 640 0 1032.8 360 0 0 1 
1032.69 0 640 0 1032.69 360 0 0 1 
1031.64 0 640 0 1031.64 360 0 0 1 
1031.69 0 640 0 1031.69 360 0 0 1 
1031.46 0 640 0 1031.46 360 0 0 1 
1031.76 0 640 0 1031.76 360 0 0 1 
1034.37 0 640 0 1034.37 360 0 0 1 
1034.35 0 640 0 1034.35 360 0 0 1 
1034.24 0 640 0 1034.24 360 0 0 1 
1034.24 0 640 0 1034.24 360 0 0 1 
1033.43 0 640 0 1033.43 360 0 0 1 
1033.63 0 640 0 1033.63 360 0 0 1 
1034.05 0 640 0 1034.05 360 0 0 1 
1033.98 0 640 0 1033.98 360 0 0 1 
1033.82 0 640 0 1033.82 360 0 0 1 
1036.88 0 640 0 1036.88 360 0 0 1 
1036.61 0 640 0 1036.61 360 0 0 1 
1036.64 0 640 0 1036.64 360 0 0 1 
1036.54 0 640 0 1036.54 360 0 0 1 
1036.81 0 640 0 1036.81 360 0 0 1 
1036.79 0 640 0 1036.79 360 0 0 1 
1036.66 0 640 0 1036.66 360 0 0 1 
1033.36 0 640 0 1033.36 360 0 0 1 
1031.94 0 640 0 1031.94 360 0 0 1 
1031.75 0 640 0 1031.75 360 0 0 1 
1032.88 0 640 0 1032.88 360 0 0 1 
1036.98 0 640 0 1036.98 360 0 0 1 
1035.06 0 640 0 1035.06 360 0 0 1 
1035.91 0 640 0 1035.91 360 0 0 1 
1035.67 0 640 0 1035.67 360 0 0 1 
1034.95 0 640 0 1034.95 360 0 0 1 
1033.97 0 640 0 1033.97 360 0 0 1 
1033.62 0 640 0 1033.62 360 0 0 1 
1033.33 0 640 0 1033.33 360 0 0 1 
1033.05 0 640 0 1033.05 360 0 0 1 
1032.88 0 640 0 1032.88 360 0 0 1 
1033.2 0 640 0 1033.2 360 0 0 1 
1032.62 0 640 0 1032.62 360 0 0 1 
1032.51 0 640 0 1032.51 360 0 0 1 
1033.09 0 640 0 1033.09 360 0 0 1 
1032.96 0 640 0 1032.96 360 0 0 1 
1034.53 0 640 0 1034.53 360 0 0 1 
1034.35 0 640 0 1034.35 360 0 0 1 
1033.91 0 640 0 1033.91 360 0 0 1 
1033.26 0 640 0 1033.26 360 0 0 1 
1033.93 0 640 0 1033.93 360 0 0 1 
1032.64 0 640 0 1032.64 360 0 0 1 
1033.17 0 640 0 1033.17 360 0 0 1 
1033.58 0 640 0 1033.58 360 0 0 1 
1032.99 0 640 0 1032.99 360 0 0 1 
1034.3 0 640 0 1034.3 360 0 0 1 
1031.93 0 640 0 1031.93 360 0 0 1 
1032.79 0 640 0 1032.79 360 0 0 1 
1030.67 0 640 0 1030.67 360 0 0 1 
1030.2 0 640 0 1030.2 360 0 0 1 
1029.39 0 640 0 1029.39 360 0 0 1 
1029.2 0 640 0 1029.2 360 0 0 1 
1029.19 0 640 0 1029.19 360 0 0 1 
1030.31 0 640 0 1030.31 360 0 0 1 
1033.04 0 640 0 1033.04 360 0 0 1 
1032.06 0 640 0 1032.06 360 0 0 1 
1032.8 0 640 0 1032.8 360 0 0 1 
1032.85 0 640 0 1032.85 360 0 0 1 
1033.55 0 640 0 1033.55 360 0 0 1 
1032.04 0 640 0 1032.04 360 0 0 1 
1031.97 0 640 0 1031.97 360 0 0 1 
1023.69 0 640 0 1023.69 360 0 0 1 
1031.35 0 640 0 1031.35 360 0 0 1 
1030.85 0 640 0 1030.85 360 0 0 1 
1030.46 0 640 0 1030.46 360 0 0 1 
1029.91 0 640 0 1029.91 360 0 0 1 
1027.66 0 640 0 1027.66 360 0 0 1 
1031.41 0 640 0 1031.41 360 0 0 1 
1032.31 0 640 0 1032.31 360 0 0 1 
1034.55 0 640 0 1034.55 360 0 0 1 
1029.55 0 640 0 1029.55 360 0 0 1 
