892.339 0 538 0 892.339 403.5 0 0 1 
890.933 0 538 0 890.933 403.5 0 0 1 
891.791 0 538 0 891.791 403.5 0 0 1 
892.621 0 538 0 892.621 403.5 0 0 1 
892.592 0 538 0 892.592 403.5 0 0 1 
894.987 0 538 0 894.987 403.5 0 0 1 
892.985 0 538 0 892.985 403.5 0 0 1 
894.147 0 538 0 894.147 403.5 0 0 1 
892.487 0 538 0 892.487 403.5 0 0 1 
895.235 0 538 0 895.235 403.5 0 0 1 
895.761 0 538 0 895.761 403.5 0 0 1 
892.785 0 538 0 892.785 403.5 0 0 1 
896.006 0 538 0 896.006 403.5 0 0 1 
894.204 0 538 0 894.204 403.5 0 0 1 
896.463 0 538 0 896.463 403.5 0 0 1 
896.822 0 538 0 896.822 403.5 0 0 1 
894.892 0 538 0 894.892 403.5 0 0 1 
896.158 0 538 0 896.158 403.5 0 0 1 
894.654 0 538 0 894.654 403.5 0 0 1 
897.139 0 538 0 897.139 403.5 0 0 1 
896.034 0 538 0 896.034 403.5 0 0 1 
896.017 0 538 0 896.017 403.5 0 0 1 
893.963 0 538 0 893.963 403.5 0 0 1 
896.061 0 538 0 896.061 403.5 0 0 1 
896.026 0 538 0 896.026 403.5 0 0 1 
893.952 0 538 0 893.952 403.5 0 0 1 
896.375 0 538 0 896.375 403.5 0 0 1 
896.592 0 538 0 896.592 403.5 0 0 1 
897.058 0 538 0 897.058 403.5 0 0 1 
895.223 0 538 0 895.223 403.5 0 0 1 
897.051 0 538 0 897.051 403.5 0 0 1 
895.59 0 538 0 895.59 403.5 0 0 1 
897.009 0 538 0 897.009 403.5 0 0 1 
897.165 0 538 0 897.165 403.5 0 0 1 
896.47 0 538 0 896.47 403.5 0 0 1 
896.66 0 538 0 896.66 403.5 0 0 1 
895.794 0 538 0 895.794 403.5 0 0 1 
893.874 0 538 0 893.874 403.5 0 0 1 
893.104 0 538 0 893.104 403.5 0 0 1 
892.736 0 538 0 892.736 403.5 0 0 1 
893.303 0 538 0 893.303 403.5 0 0 1 
893.441 0 538 0 893.441 403.5 0 0 1 
893.121 0 538 0 893.121 403.5 0 0 1 
891.365 0 538 0 891.365 403.5 0 0 1 
892.775 0 538 0 892.775 403.5 0 0 1 
892.173 0 538 0 892.173 403.5 0 0 1 
893.256 0 538 0 893.256 403.5 0 0 1 
894.127 0 538 0 894.127 403.5 0 0 1 
892.673 0 538 0 892.673 403.5 0 0 1 
892.975 0 538 0 892.975 403.5 0 0 1 
893.478 0 538 0 893.478 403.5 0 0 1 
894.09 0 538 0 894.09 403.5 0 0 1 
892.627 0 538 0 892.627 403.5 0 0 1 
893.601 0 538 0 893.601 403.5 0 0 1 
892.981 0 538 0 892.981 403.5 0 0 1 
894.899 0 538 0 894.899 403.5 0 0 1 
895.882 0 538 0 895.882 403.5 0 0 1 
895.563 0 538 0 895.563 403.5 0 0 1 
894.736 0 538 0 894.736 403.5 0 0 1 
894.213 0 538 0 894.213 403.5 0 0 1 
894.215 0 538 0 894.215 403.5 0 0 1 
892.853 0 538 0 892.853 403.5 0 0 1 
892.711 0 538 0 892.711 403.5 0 0 1 
893.781 0 538 0 893.781 403.5 0 0 1 
891.168 0 538 0 891.168 403.5 0 0 1 
894.838 0 538 0 894.838 403.5 0 0 1 
891.379 0 538 0 891.379 403.5 0 0 1 
891.778 0 538 0 891.778 403.5 0 0 1 
891.908 0 538 0 891.908 403.5 0 0 1 
893.907 0 538 0 893.907 403.5 0 0 1 
893.007 0 538 0 893.007 403.5 0 0 1 
891.335 0 538 0 891.335 403.5 0 0 1 
893.409 0 538 0 893.409 403.5 0 0 1 
894.493 0 538 0 894.493 403.5 0 0 1 
891.852 0 538 0 891.852 403.5 0 0 1 
892.332 0 538 0 892.332 403.5 0 0 1 
893.47 0 538 0 893.47 403.5 0 0 1 
891.436 0 538 0 891.436 403.5 0 0 1 
891.408 0 538 0 891.408 403.5 0 0 1 
894.657 0 538 0 894.657 403.5 0 0 1 
890.918 0 538 0 890.918 403.5 0 0 1 
889.154 0 538 0 889.154 403.5 0 0 1 
891.579 0 538 0 891.579 403.5 0 0 1 
891.722 0 538 0 891.722 403.5 0 0 1 
889.155 0 538 0 889.155 403.5 0 0 1 
894.007 0 538 0 894.007 403.5 0 0 1 
894.573 0 538 0 894.573 403.5 0 0 1 
898.323 0 538 0 898.323 403.5 0 0 1 
898.632 0 538 0 898.632 403.5 0 0 1 
899.069 0 538 0 899.069 403.5 0 0 1 
900.441 0 538 0 900.441 403.5 0 0 1 
899.437 0 538 0 899.437 403.5 0 0 1 
903.072 0 538 0 903.072 403.5 0 0 1 
901.182 0 538 0 901.182 403.5 0 0 1 
901.783 0 538 0 901.783 403.5 0 0 1 
902.403 0 538 0 902.403 403.5 0 0 1 
899.871 0 538 0 899.871 403.5 0 0 1 
905.067 0 538 0 905.067 403.5 0 0 1 
902.219 0 538 0 902.219 403.5 0 0 1 
904.191 0 538 0 904.191 403.5 0 0 1 
903.189 0 538 0 903.189 403.5 0 0 1 
903.187 0 538 0 903.187 403.5 0 0 1 
902.817 0 538 0 902.817 403.5 0 0 1 
903.521 0 538 0 903.521 403.5 0 0 1 
904.896 0 538 0 904.896 403.5 0 0 1 
897.158 0 538 0 897.158 403.5 0 0 1 
896.556 0 538 0 896.556 403.5 0 0 1 
897.898 0 538 0 897.898 403.5 0 0 1 
894.231 0 538 0 894.231 403.5 0 0 1 
890.408 0 538 0 890.408 403.5 0 0 1 
893.438 0 538 0 893.438 403.5 0 0 1 
893.165 0 538 0 893.165 403.5 0 0 1 
892.841 0 538 0 892.841 403.5 0 0 1 
893.395 0 538 0 893.395 403.5 0 0 1 
893.151 0 538 0 893.151 403.5 0 0 1 
892.436 0 538 0 892.436 403.5 0 0 1 
893.245 0 538 0 893.245 403.5 0 0 1 
891.883 0 538 0 891.883 403.5 0 0 1 
891.428 0 538 0 891.428 403.5 0 0 1 
892.159 0 538 0 892.159 403.5 0 0 1 
892.286 0 538 0 892.286 403.5 0 0 1 
892.128 0 538 0 892.128 403.5 0 0 1 
890.773 0 538 0 890.773 403.5 0 0 1 
891.798 0 538 0 891.798 403.5 0 0 1 
890.952 0 538 0 890.952 403.5 0 0 1 
891.033 0 538 0 891.033 403.5 0 0 1 
891.741 0 538 0 891.741 403.5 0 0 1 
891.688 0 538 0 891.688 403.5 0 0 1 
