1067.28 0 640 0 1067.28 360 0 0 1 
1068.84 0 640 0 1068.84 360 0 0 1 
1068.3 0 640 0 1068.3 360 0 0 1 
1066.94 0 640 0 1066.94 360 0 0 1 
1066.29 0 640 0 1066.29 360 0 0 1 
1065.85 0 640 0 1065.85 360 0 0 1 
1065.56 0 640 0 1065.56 360 0 0 1 
1065.33 0 640 0 1065.33 360 0 0 1 
1065.54 0 640 0 1065.54 360 0 0 1 
1064.77 0 640 0 1064.77 360 0 0 1 
1064.24 0 640 0 1064.24 360 0 0 1 
1063.52 0 640 0 1063.52 360 0 0 1 
1062.95 0 640 0 1062.95 360 0 0 1 
1062.7 0 640 0 1062.7 360 0 0 1 
1062.34 0 640 0 1062.34 360 0 0 1 
1062.09 0 640 0 1062.09 360 0 0 1 
1061.5 0 640 0 1061.5 360 0 0 1 
1061.35 0 640 0 1061.35 360 0 0 1 
1061.41 0 640 0 1061.41 360 0 0 1 
1060.47 0 640 0 1060.47 360 0 0 1 
1060.76 0 640 0 1060.76 360 0 0 1 
1059.31 0 640 0 1059.31 360 0 0 1 
1058.9 0 640 0 1058.9 360 0 0 1 
1058.71 0 640 0 1058.71 360 0 0 1 
1058.94 0 640 0 1058.94 360 0 0 1 
1057.19 0 640 0 1057.19 360 0 0 1 
1058.5 0 640 0 1058.5 360 0 0 1 
1058.2 0 640 0 1058.2 360 0 0 1 
1058.91 0 640 0 1058.91 360 0 0 1 
1059.62 0 640 0 1059.62 360 0 0 1 
1060.12 0 640 0 1060.12 360 0 0 1 
1060.37 0 640 0 1060.37 360 0 0 1 
1059.81 0 640 0 1059.81 360 0 0 1 
1057.99 0 640 0 1057.99 360 0 0 1 
1057.52 0 640 0 1057.52 360 0 0 1 
1056.78 0 640 0 1056.78 360 0 0 1 
1056.72 0 640 0 1056.72 360 0 0 1 
1056.44 0 640 0 1056.44 360 0 0 1 
1058.45 0 640 0 1058.45 360 0 0 1 
1056.83 0 640 0 1056.83 360 0 0 1 
1056.35 0 640 0 1056.35 360 0 0 1 
1056.78 0 640 0 1056.78 360 0 0 1 
1056.92 0 640 0 1056.92 360 0 0 1 
1055.45 0 640 0 1055.45 360 0 0 1 
1057.15 0 640 0 1057.15 360 0 0 1 
1059.12 0 640 0 1059.12 360 0 0 1 
1056.29 0 640 0 1056.29 360 0 0 1 
1055.71 0 640 0 1055.71 360 0 0 1 
1056 0 640 0 1056 360 0 0 1 
1052.26 0 640 0 1052.26 360 0 0 1 
1049.75 0 640 0 1049.75 360 0 0 1 
1068.79 0 640 0 1068.79 360 0 0 1 
