1063.87 0 640 0 1063.87 360 0 0 1 
1064.49 0 640 0 1064.49 360 0 0 1 
1064.07 0 640 0 1064.07 360 0 0 1 
1064.25 0 640 0 1064.25 360 0 0 1 
1064.37 0 640 0 1064.37 360 0 0 1 
1063.93 0 640 0 1063.93 360 0 0 1 
1063.61 0 640 0 1063.61 360 0 0 1 
1063.57 0 640 0 1063.57 360 0 0 1 
1063.43 0 640 0 1063.43 360 0 0 1 
1063.22 0 640 0 1063.22 360 0 0 1 
1063.19 0 640 0 1063.19 360 0 0 1 
1063.1 0 640 0 1063.1 360 0 0 1 
1062.95 0 640 0 1062.95 360 0 0 1 
1062.39 0 640 0 1062.39 360 0 0 1 
1062.18 0 640 0 1062.18 360 0 0 1 
1062.02 0 640 0 1062.02 360 0 0 1 
1061.41 0 640 0 1061.41 360 0 0 1 
1060.77 0 640 0 1060.77 360 0 0 1 
1060.6 0 640 0 1060.6 360 0 0 1 
1060.61 0 640 0 1060.61 360 0 0 1 
1060.43 0 640 0 1060.43 360 0 0 1 
1060.57 0 640 0 1060.57 360 0 0 1 
1060.79 0 640 0 1060.79 360 0 0 1 
1060.28 0 640 0 1060.28 360 0 0 1 
1060.63 0 640 0 1060.63 360 0 0 1 
1059.8 0 640 0 1059.8 360 0 0 1 
1059.7 0 640 0 1059.7 360 0 0 1 
1059.87 0 640 0 1059.87 360 0 0 1 
1059.37 0 640 0 1059.37 360 0 0 1 
1059.35 0 640 0 1059.35 360 0 0 1 
1059.36 0 640 0 1059.36 360 0 0 1 
1059.6 0 640 0 1059.6 360 0 0 1 
1058.96 0 640 0 1058.96 360 0 0 1 
1058.4 0 640 0 1058.4 360 0 0 1 
1058.56 0 640 0 1058.56 360 0 0 1 
1058.96 0 640 0 1058.96 360 0 0 1 
1058.8 0 640 0 1058.8 360 0 0 1 
1057.38 0 640 0 1057.38 360 0 0 1 
1057.61 0 640 0 1057.61 360 0 0 1 
1057.09 0 640 0 1057.09 360 0 0 1 
1056.94 0 640 0 1056.94 360 0 0 1 
1056.86 0 640 0 1056.86 360 0 0 1 
1057.56 0 640 0 1057.56 360 0 0 1 
1057.88 0 640 0 1057.88 360 0 0 1 
1055.65 0 640 0 1055.65 360 0 0 1 
1055.67 0 640 0 1055.67 360 0 0 1 
1055.99 0 640 0 1055.99 360 0 0 1 
1056.14 0 640 0 1056.14 360 0 0 1 
1056.45 0 640 0 1056.45 360 0 0 1 
1056.09 0 640 0 1056.09 360 0 0 1 
1057.07 0 640 0 1057.07 360 0 0 1 
1057.93 0 640 0 1057.93 360 0 0 1 
1057.83 0 640 0 1057.83 360 0 0 1 
1057.57 0 640 0 1057.57 360 0 0 1 
1057.68 0 640 0 1057.68 360 0 0 1 
1057.03 0 640 0 1057.03 360 0 0 1 
1057.5 0 640 0 1057.5 360 0 0 1 
1057.04 0 640 0 1057.04 360 0 0 1 
1055.8 0 640 0 1055.8 360 0 0 1 
1056.55 0 640 0 1056.55 360 0 0 1 
1055.25 0 640 0 1055.25 360 0 0 1 
1055.98 0 640 0 1055.98 360 0 0 1 
1055.35 0 640 0 1055.35 360 0 0 1 
1054.27 0 640 0 1054.27 360 0 0 1 
1056.53 0 640 0 1056.53 360 0 0 1 
1056.26 0 640 0 1056.26 360 0 0 1 
1055.66 0 640 0 1055.66 360 0 0 1 
1055.72 0 640 0 1055.72 360 0 0 1 
1056.22 0 640 0 1056.22 360 0 0 1 
1055.7 0 640 0 1055.7 360 0 0 1 
1057.09 0 640 0 1057.09 360 0 0 1 
1055.91 0 640 0 1055.91 360 0 0 1 
1054.78 0 640 0 1054.78 360 0 0 1 
1056.3 0 640 0 1056.3 360 0 0 1 
1052.98 0 640 0 1052.98 360 0 0 1 
1054.45 0 640 0 1054.45 360 0 0 1 
1054 0 640 0 1054 360 0 0 1 
1064.38 0 640 0 1064.38 360 0 0 1 
1054.38 0 640 0 1054.38 360 0 0 1 
1051.81 0 640 0 1051.81 360 0 0 1 
1054.42 0 640 0 1054.42 360 0 0 1 
1056.29 0 640 0 1056.29 360 0 0 1 
1054.73 0 640 0 1054.73 360 0 0 1 
1055.46 0 640 0 1055.46 360 0 0 1 
1055.88 0 640 0 1055.88 360 0 0 1 
1057.08 0 640 0 1057.08 360 0 0 1 
1057.13 0 640 0 1057.13 360 0 0 1 
1051.47 0 640 0 1051.47 360 0 0 1 
1045.93 0 640 0 1045.93 360 0 0 1 
1055.95 0 640 0 1055.95 360 0 0 1 
1052.16 0 640 0 1052.16 360 0 0 1 
1051.86 0 640 0 1051.86 360 0 0 1 
1051.63 0 640 0 1051.63 360 0 0 1 
1051.58 0 640 0 1051.58 360 0 0 1 
1052.25 0 640 0 1052.25 360 0 0 1 
1048.65 0 640 0 1048.65 360 0 0 1 
1050.68 0 640 0 1050.68 360 0 0 1 
1053.38 0 640 0 1053.38 360 0 0 1 
1064.59 0 640 0 1064.59 360 0 0 1 
1064.28 0 640 0 1064.28 360 0 0 1 
1065.17 0 640 0 1065.17 360 0 0 1 
1065.28 0 640 0 1065.28 360 0 0 1 
1065.64 0 640 0 1065.64 360 0 0 1 
1065.02 0 640 0 1065.02 360 0 0 1 
1065.81 0 640 0 1065.81 360 0 0 1 
