1538.13 0 960 0 1538.13 540 0 0 1 
1537.22 0 960 0 1537.22 540 0 0 1 
1537.87 0 960 0 1537.87 540 0 0 1 
1536.81 0 960 0 1536.81 540 0 0 1 
1537.62 0 960 0 1537.62 540 0 0 1 
1537.11 0 960 0 1537.11 540 0 0 1 
1536.85 0 960 0 1536.85 540 0 0 1 
1537.27 0 960 0 1537.27 540 0 0 1 
1539.78 0 960 0 1539.78 540 0 0 1 
1537.08 0 960 0 1537.08 540 0 0 1 
1537.14 0 960 0 1537.14 540 0 0 1 
1539.81 0 960 0 1539.81 540 0 0 1 
1537.1 0 960 0 1537.1 540 0 0 1 
1541.9 0 960 0 1541.9 540 0 0 1 
1536.94 0 960 0 1536.94 540 0 0 1 
1538.14 0 960 0 1538.14 540 0 0 1 
1537.96 0 960 0 1537.96 540 0 0 1 
1538.16 0 960 0 1538.16 540 0 0 1 
1538.46 0 960 0 1538.46 540 0 0 1 
1538.16 0 960 0 1538.16 540 0 0 1 
1538.09 0 960 0 1538.09 540 0 0 1 
1538.56 0 960 0 1538.56 540 0 0 1 
1548.93 0 960 0 1548.93 540 0 0 1 
1537.68 0 960 0 1537.68 540 0 0 1 
1538.09 0 960 0 1538.09 540 0 0 1 
1537.58 0 960 0 1537.58 540 0 0 1 
1538.03 0 960 0 1538.03 540 0 0 1 
1538.08 0 960 0 1538.08 540 0 0 1 
1537.99 0 960 0 1537.99 540 0 0 1 
1537.99 0 960 0 1537.99 540 0 0 1 
1538.07 0 960 0 1538.07 540 0 0 1 
1537.32 0 960 0 1537.32 540 0 0 1 
1537.17 0 960 0 1537.17 540 0 0 1 
1537.3 0 960 0 1537.3 540 0 0 1 
1536.93 0 960 0 1536.93 540 0 0 1 
1536.69 0 960 0 1536.69 540 0 0 1 
1537.42 0 960 0 1537.42 540 0 0 1 
1537.48 0 960 0 1537.48 540 0 0 1 
1538.45 0 960 0 1538.45 540 0 0 1 
1538.57 0 960 0 1538.57 540 0 0 1 
1538.56 0 960 0 1538.56 540 0 0 1 
1541.17 0 960 0 1541.17 540 0 0 1 
1541.29 0 960 0 1541.29 540 0 0 1 
1546.18 0 960 0 1546.18 540 0 0 1 
1537.23 0 960 0 1537.23 540 0 0 1 
1537.87 0 960 0 1537.87 540 0 0 1 
1551.75 0 960 0 1551.75 540 0 0 1 
1541.7 0 960 0 1541.7 540 0 0 1 
1542.19 0 960 0 1542.19 540 0 0 1 
1542.04 0 960 0 1542.04 540 0 0 1 
1541.66 0 960 0 1541.66 540 0 0 1 
1541.95 0 960 0 1541.95 540 0 0 1 
1541.71 0 960 0 1541.71 540 0 0 1 
1542.24 0 960 0 1542.24 540 0 0 1 
1542.58 0 960 0 1542.58 540 0 0 1 
1542.28 0 960 0 1542.28 540 0 0 1 
1542.62 0 960 0 1542.62 540 0 0 1 
1540.44 0 960 0 1540.44 540 0 0 1 
1542.51 0 960 0 1542.51 540 0 0 1 
1542.27 0 960 0 1542.27 540 0 0 1 
1542.33 0 960 0 1542.33 540 0 0 1 
1542.98 0 960 0 1542.98 540 0 0 1 
1541.99 0 960 0 1541.99 540 0 0 1 
1541.66 0 960 0 1541.66 540 0 0 1 
1541.31 0 960 0 1541.31 540 0 0 1 
1542.27 0 960 0 1542.27 540 0 0 1 
1541.92 0 960 0 1541.92 540 0 0 1 
1541.91 0 960 0 1541.91 540 0 0 1 
1542.65 0 960 0 1542.65 540 0 0 1 
1541.53 0 960 0 1541.53 540 0 0 1 
1542.54 0 960 0 1542.54 540 0 0 1 
1542.72 0 960 0 1542.72 540 0 0 1 
1541.74 0 960 0 1541.74 540 0 0 1 
1541.78 0 960 0 1541.78 540 0 0 1 
1541.66 0 960 0 1541.66 540 0 0 1 
1540.45 0 960 0 1540.45 540 0 0 1 
1540.77 0 960 0 1540.77 540 0 0 1 
1540.17 0 960 0 1540.17 540 0 0 1 
1540.23 0 960 0 1540.23 540 0 0 1 
1539.76 0 960 0 1539.76 540 0 0 1 
1539.96 0 960 0 1539.96 540 0 0 1 
1539.25 0 960 0 1539.25 540 0 0 1 
1540.46 0 960 0 1540.46 540 0 0 1 
1539.75 0 960 0 1539.75 540 0 0 1 
1539.12 0 960 0 1539.12 540 0 0 1 
1539.39 0 960 0 1539.39 540 0 0 1 
1539.86 0 960 0 1539.86 540 0 0 1 
1539.63 0 960 0 1539.63 540 0 0 1 
1539.66 0 960 0 1539.66 540 0 0 1 
1540.16 0 960 0 1540.16 540 0 0 1 
1541.95 0 960 0 1541.95 540 0 0 1 
1536.59 0 960 0 1536.59 540 0 0 1 
1536.34 0 960 0 1536.34 540 0 0 1 
1536.84 0 960 0 1536.84 540 0 0 1 
1536.45 0 960 0 1536.45 540 0 0 1 
1537.3 0 960 0 1537.3 540 0 0 1 
1536.79 0 960 0 1536.79 540 0 0 1 
1536.95 0 960 0 1536.95 540 0 0 1 
1537.47 0 960 0 1537.47 540 0 0 1 
1537.81 0 960 0 1537.81 540 0 0 1 
1537.3 0 960 0 1537.3 540 0 0 1 
1537.23 0 960 0 1537.23 540 0 0 1 
1537.03 0 960 0 1537.03 540 0 0 1 
1537.27 0 960 0 1537.27 540 0 0 1 
1536.3 0 960 0 1536.3 540 0 0 1 
1536.6 0 960 0 1536.6 540 0 0 1 
1536.42 0 960 0 1536.42 540 0 0 1 
1536.49 0 960 0 1536.49 540 0 0 1 
1544.25 0 960 0 1544.25 540 0 0 1 
1536.85 0 960 0 1536.85 540 0 0 1 
1537.04 0 960 0 1537.04 540 0 0 1 
1537.3 0 960 0 1537.3 540 0 0 1 
1537.74 0 960 0 1537.74 540 0 0 1 
1537.56 0 960 0 1537.56 540 0 0 1 
1536.99 0 960 0 1536.99 540 0 0 1 
1537.09 0 960 0 1537.09 540 0 0 1 
1537.45 0 960 0 1537.45 540 0 0 1 
1537.34 0 960 0 1537.34 540 0 0 1 
1538.03 0 960 0 1538.03 540 0 0 1 
1538.33 0 960 0 1538.33 540 0 0 1 
1538.81 0 960 0 1538.81 540 0 0 1 
1539.03 0 960 0 1539.03 540 0 0 1 
1539.33 0 960 0 1539.33 540 0 0 1 
1539.42 0 960 0 1539.42 540 0 0 1 
1539.22 0 960 0 1539.22 540 0 0 1 
1539.56 0 960 0 1539.56 540 0 0 1 
1540.92 0 960 0 1540.92 540 0 0 1 
1539.59 0 960 0 1539.59 540 0 0 1 
1539.87 0 960 0 1539.87 540 0 0 1 
1540.02 0 960 0 1540.02 540 0 0 1 
1539.89 0 960 0 1539.89 540 0 0 1 
1539.97 0 960 0 1539.97 540 0 0 1 
1539.54 0 960 0 1539.54 540 0 0 1 
1539.16 0 960 0 1539.16 540 0 0 1 
1539.73 0 960 0 1539.73 540 0 0 1 
1539.48 0 960 0 1539.48 540 0 0 1 
1539.69 0 960 0 1539.69 540 0 0 1 
1539.66 0 960 0 1539.66 540 0 0 1 
1539.46 0 960 0 1539.46 540 0 0 1 
1539.49 0 960 0 1539.49 540 0 0 1 
1539.62 0 960 0 1539.62 540 0 0 1 
1539.78 0 960 0 1539.78 540 0 0 1 
1539.82 0 960 0 1539.82 540 0 0 1 
1539.84 0 960 0 1539.84 540 0 0 1 
1540.29 0 960 0 1540.29 540 0 0 1 
1540.3 0 960 0 1540.3 540 0 0 1 
1539.9 0 960 0 1539.9 540 0 0 1 
1540.07 0 960 0 1540.07 540 0 0 1 
1539.69 0 960 0 1539.69 540 0 0 1 
1539.22 0 960 0 1539.22 540 0 0 1 
1541.08 0 960 0 1541.08 540 0 0 1 
1540.22 0 960 0 1540.22 540 0 0 1 
1540.05 0 960 0 1540.05 540 0 0 1 
1539.99 0 960 0 1539.99 540 0 0 1 
1538.84 0 960 0 1538.84 540 0 0 1 
1539.07 0 960 0 1539.07 540 0 0 1 
1538.8 0 960 0 1538.8 540 0 0 1 
1538.99 0 960 0 1538.99 540 0 0 1 
1538.97 0 960 0 1538.97 540 0 0 1 
1538.82 0 960 0 1538.82 540 0 0 1 
1539.12 0 960 0 1539.12 540 0 0 1 
1539.15 0 960 0 1539.15 540 0 0 1 
1538.65 0 960 0 1538.65 540 0 0 1 
1538.57 0 960 0 1538.57 540 0 0 1 
1538.94 0 960 0 1538.94 540 0 0 1 
1539.15 0 960 0 1539.15 540 0 0 1 
1538.85 0 960 0 1538.85 540 0 0 1 
1539.36 0 960 0 1539.36 540 0 0 1 
1538.83 0 960 0 1538.83 540 0 0 1 
1547.6 0 960 0 1547.6 540 0 0 1 
1537.51 0 960 0 1537.51 540 0 0 1 
1536.54 0 960 0 1536.54 540 0 0 1 
1539.15 0 960 0 1539.15 540 0 0 1 
1538.59 0 960 0 1538.59 540 0 0 1 
1538.98 0 960 0 1538.98 540 0 0 1 
1538.79 0 960 0 1538.79 540 0 0 1 
1538.76 0 960 0 1538.76 540 0 0 1 
1538.83 0 960 0 1538.83 540 0 0 1 
1538.96 0 960 0 1538.96 540 0 0 1 
1539.55 0 960 0 1539.55 540 0 0 1 
1538.99 0 960 0 1538.99 540 0 0 1 
1539.4 0 960 0 1539.4 540 0 0 1 
1540.1 0 960 0 1540.1 540 0 0 1 
1539.14 0 960 0 1539.14 540 0 0 1 
1540.09 0 960 0 1540.09 540 0 0 1 
1539.08 0 960 0 1539.08 540 0 0 1 
1535.36 0 960 0 1535.36 540 0 0 1 
1536.61 0 960 0 1536.61 540 0 0 1 
1538.74 0 960 0 1538.74 540 0 0 1 
1538.61 0 960 0 1538.61 540 0 0 1 
1538.52 0 960 0 1538.52 540 0 0 1 
1538.54 0 960 0 1538.54 540 0 0 1 
1538.21 0 960 0 1538.21 540 0 0 1 
1538.25 0 960 0 1538.25 540 0 0 1 
1538.45 0 960 0 1538.45 540 0 0 1 
1538.03 0 960 0 1538.03 540 0 0 1 
1538.07 0 960 0 1538.07 540 0 0 1 
1537.54 0 960 0 1537.54 540 0 0 1 
1538.25 0 960 0 1538.25 540 0 0 1 
1538.15 0 960 0 1538.15 540 0 0 1 
1538.05 0 960 0 1538.05 540 0 0 1 
1537.43 0 960 0 1537.43 540 0 0 1 
1537.68 0 960 0 1537.68 540 0 0 1 
1537.48 0 960 0 1537.48 540 0 0 1 
1537.4 0 960 0 1537.4 540 0 0 1 
1536.86 0 960 0 1536.86 540 0 0 1 
1537.26 0 960 0 1537.26 540 0 0 1 
1536.83 0 960 0 1536.83 540 0 0 1 
1536.5 0 960 0 1536.5 540 0 0 1 
1537 0 960 0 1537 540 0 0 1 
1562.35 0 960 0 1562.35 540 0 0 1 
1542.92 0 960 0 1542.92 540 0 0 1 
1543.18 0 960 0 1543.18 540 0 0 1 
1543.44 0 960 0 1543.44 540 0 0 1 
1543.82 0 960 0 1543.82 540 0 0 1 
1543.76 0 960 0 1543.76 540 0 0 1 
1543.31 0 960 0 1543.31 540 0 0 1 
1544.06 0 960 0 1544.06 540 0 0 1 
1543.14 0 960 0 1543.14 540 0 0 1 
1542.24 0 960 0 1542.24 540 0 0 1 
1552.46 0 960 0 1552.46 540 0 0 1 
1548.6 0 960 0 1548.6 540 0 0 1 
1547.62 0 960 0 1547.62 540 0 0 1 
1548.05 0 960 0 1548.05 540 0 0 1 
1546.95 0 960 0 1546.95 540 0 0 1 
1547.48 0 960 0 1547.48 540 0 0 1 
1546.55 0 960 0 1546.55 540 0 0 1 
1547.01 0 960 0 1547.01 540 0 0 1 
1547.04 0 960 0 1547.04 540 0 0 1 
1547.18 0 960 0 1547.18 540 0 0 1 
1547.13 0 960 0 1547.13 540 0 0 1 
1547.05 0 960 0 1547.05 540 0 0 1 
1546.76 0 960 0 1546.76 540 0 0 1 
1546.31 0 960 0 1546.31 540 0 0 1 
1546.09 0 960 0 1546.09 540 0 0 1 
1545.87 0 960 0 1545.87 540 0 0 1 
1545.8 0 960 0 1545.8 540 0 0 1 
1545.02 0 960 0 1545.02 540 0 0 1 
1545.48 0 960 0 1545.48 540 0 0 1 
1544.96 0 960 0 1544.96 540 0 0 1 
1545.32 0 960 0 1545.32 540 0 0 1 
1544.96 0 960 0 1544.96 540 0 0 1 
1545.02 0 960 0 1545.02 540 0 0 1 
1543.86 0 960 0 1543.86 540 0 0 1 
1543.74 0 960 0 1543.74 540 0 0 1 
1544.02 0 960 0 1544.02 540 0 0 1 
1543.16 0 960 0 1543.16 540 0 0 1 
1542.53 0 960 0 1542.53 540 0 0 1 
1543.22 0 960 0 1543.22 540 0 0 1 
1542.31 0 960 0 1542.31 540 0 0 1 
1541.9 0 960 0 1541.9 540 0 0 1 
1542.23 0 960 0 1542.23 540 0 0 1 
1541.72 0 960 0 1541.72 540 0 0 1 
1540.65 0 960 0 1540.65 540 0 0 1 
1540.55 0 960 0 1540.55 540 0 0 1 
1540.95 0 960 0 1540.95 540 0 0 1 
1541.16 0 960 0 1541.16 540 0 0 1 
1540.95 0 960 0 1540.95 540 0 0 1 
1541.32 0 960 0 1541.32 540 0 0 1 
