-0.489874 -1.67433 -7.56388 
-1.78412 -1.73627 -8.03808 
-2.41752 -1.85144 -8.5004 
-4.32465 -2.07035 -8.48011 
-4.88592 -2.54027 -8.95081 
0.361979 -1.63897 -7.2933 
1.09185 -1.47522 -7.17146 
2.1441 -1.3077 -6.79356 
2.89791 -1.44063 -6.56431 
3.72833 -1.29371 -6.35749 
-6.68326 -2.15842 -8.58668 
-8.2059 -1.81129 -8.10354 
-9.75665 -1.69139 -7.8286 
-12.2041 -1.55611 -6.45807 
-14.3077 -0.744052 -5.30757 
-16.3141 -0.27169 -3.64909 
-18.0731 -0.461352 -2.98807 
-19.7807 0.934491 -0.146084 
-20.6479 0.256365 -2.52741 
-22.2898 -0.326428 -2.92937 
-21.5153 1.54007 2.41539 
-23.1245 2.26143 4.181 
-23.6047 -0.0177877 -2.31144 
-26.883 0.824264 0.310934 
-27.932 1.67946 3.28695 
-25.5713 3.65828 13.3691 
-28.2821 3.9204 6.05724 
-27.7288 4.23069 12.6384 
-28.2288 5.57255 14.6503 
-27.6864 5.48387 17.296 
-27.3791 6.48248 19.2823 
-28.5293 6.81431 18.8587 
-28.2937 7.26773 20.4022 
-28.0292 7.82018 22.0792 
-27.7701 7.98546 23.5321 
-28.3625 8.58274 23.8305 
-27.6538 9.08367 25.6244 
-27.9436 8.94858 26.4602 
-28.8863 8.10126 26.599 
-28.6878 9.53029 27.0113 
-24.231 3.51064 13.6542 
-27.2251 9.19547 29.2498 
-28.7572 7.93732 28.3428 
-25.8733 4.81309 32.3517 
-27.7566 7.09783 29.4404 
-12.2231 -14.3163 38.2762 
-20.4154 7.6573 37.6545 
-21.0945 4.70766 38.6781 
-13.8343 7.4943 41.2348 
-7.67783 17.7501 40.7639 
-3.27526 6.33048 45.2961 
-7.69622 -34.2534 24.4657 
-28.454 13.43 32.4989 
-6.95021 9.51417 44.7352 
-0.600141 9.2781 45.0423 
-3.71656 8.58043 45.2588 
2.22815 8.27376 45.6834 
5.13225 9.79166 45.3456 
-25.2043 0.103165 -2.45012 
-24.2173 3.23711 10.8614 
5.7439 7.75092 45.472 
-23.2967 2.96764 8.81116 
5.85162 -1.26202 -5.69924 
1.05004 6.41766 46.0771 
5.13977 5.002 45.9323 
7.33406 -1.41992 -5.60037 
15.0313 -0.502032 -2.16406 
13.4888 -0.63799 -3.16735 
12.198 -0.460505 -3.46598 
10.5059 -0.947602 -5.04169 
9.18973 -1.03942 -5.45317 
7.58002 7.51769 45.0918 
8.85264 8.16915 44.2869 
8.12256 7.91935 43.6508 
13.6846 7.66448 41.3584 
21.2011 0.658608 2.98578 
22.4771 0.683315 4.37043 
23.3019 1.02001 7.18512 
23.9395 1.56212 9.41652 
24.1433 2.87103 12.2871 
24.7573 2.51865 13.6251 
25.0609 3.84852 15.2316 
25.0684 3.45592 17.4947 
13.332 6.83448 40.7703 
14.4742 6.46945 39.5842 
16.4594 7.21045 37.746 
11.6504 6.90048 38.3096 
12.0501 7.53524 36.9872 
13.1643 7.98105 35.7715 
14.9976 8.02229 34.1021 
31.0732 5.39064 21.5674 
14.402 8.42256 33.3742 
31.5527 3.96748 19.5997 
17.9391 9.08158 30.7109 
20.1882 8.31617 28.3243 
21.328 8.89394 26.5779 
26.4943 5.98819 20.9548 
27.3641 5.39528 18.8511 
26.8779 4.68681 16.6845 
26.0579 6.19731 19.1517 
