4.121774193548386478e-01 3.099999999999999978e-01
3.160000000000000031e-01 2.310000000000000109e-01
1.594193548387096981e-01 1.244999999999999996e-01
1.235322580645161206e-01 9.700000000000000289e-02
5.009516129032257625e-01 3.765000000000000013e-01
2.997258064516128417e-01 2.215000000000000024e-01
2.213064516129032433e-01 1.534999999999999976e-01
1.566774193548387262e-01 1.079999999999999988e-01
5.904838709677419362e-02 5.000000000000000278e-02
6.140322580645160566e-02 5.999999999999999778e-02
5.268225806451611870e-01 3.970000000000000195e-01
2.870483870967742157e-01 2.149999999999999967e-01
2.006451612903225601e-01 1.529999999999999971e-01
3.577096774193548323e-01 2.525000000000000022e-01
2.130645161290322664e-01 1.519999999999999962e-01
1.614516129032257941e-01 1.150000000000000050e-01
1.170645161290322506e-01 8.699999999999999400e-02
6.029032258064515037e-02 5.099999999999999672e-02
1.322096774193548263e-01 1.105000000000000010e-01
8.430645161290321876e-02 7.099999999999999367e-02
3.530322580645161024e-01 2.735000000000000209e-01
2.698387096774193528e-01 2.064999999999999891e-01
2.872741935483870690e-01 1.965000000000000080e-01
2.057419354838709580e-01 1.534999999999999976e-01
1.462096774193548110e-01 1.054999999999999966e-01
9.103225806451613333e-02 7.199999999999999456e-02
5.032258064516128421e-02 4.150000000000000216e-02
1.545483870967742090e-01 1.275000000000000022e-01
1.038548387096774189e-01 8.500000000000000611e-02
7.067741935483870530e-02 5.500000000000000028e-02
4.316129032258064768e-01 3.300000000000000155e-01
1.965645161290322518e-01 1.429999999999999882e-01
1.855483870967741811e-01 1.444999999999999896e-01
1.217903225806451495e-01 9.249999999999999889e-02
8.282258064516127838e-02 7.000000000000000666e-02
6.324193548387097019e-02 5.800000000000000294e-02
2.811774193548386980e-01 2.169999999999999984e-01
1.839354838709677531e-01 1.449999999999999900e-01
1.139677419354838545e-01 8.799999999999999489e-02
1.051935483870967691e-01 8.200000000000000344e-02
1.314354838709677342e-01 1.034999999999999948e-01
1.329354838709677356e-01 1.059999999999999970e-01
8.325806451612902115e-02 6.750000000000000444e-02
6.287096774193548510e-02 5.149999999999999717e-02
3.962903225806451574e-02 3.300000000000000155e-02
3.608548387096774390e-01 2.770000000000000240e-01
2.020483870967741957e-01 1.590000000000000024e-01
1.471935483870967787e-01 1.189999999999999947e-01
1.062258064516128919e-01 7.799999999999999989e-02
1.000161290322580526e-01 7.649999999999999856e-02
4.263709677419355026e-01 3.290000000000000147e-01
3.001612903225805984e-01 2.159999999999999976e-01
1.967741935483870719e-01 1.350000000000000089e-01
7.719354838709677202e-02 6.250000000000000000e-02
5.437096774193547755e-02 5.099999999999999672e-02
3.337096774193547971e-02 3.649999999999999772e-02
2.390322580645160705e-02 2.350000000000000006e-02
2.469354838709677397e-02 2.850000000000000103e-02
2.487096774193547910e-02 2.750000000000000014e-02
2.070967741935483830e-02 2.500000000000000139e-02
4.031129032258064515e-01 3.049999999999999933e-01
2.605161290322580703e-01 1.905000000000000027e-01
1.188709677419354932e-01 8.999999999999999667e-02
6.119354838709677169e-02 5.949999999999999734e-02
3.103225806451612862e-02 3.099999999999999978e-02
1.966129032258064416e-02 2.050000000000000086e-02
2.151612903225806270e-02 2.199999999999999872e-02
1.872580645161290441e-02 2.000000000000000042e-02
1.033870967741935473e-02 1.299999999999999940e-02
1.451612903225806342e-02 1.600000000000000033e-02
5.430000000000000382e-01 4.239999999999999880e-01
2.003064516129032246e-01 1.414999999999999869e-01
4.727419354838709870e-02 4.399999999999999745e-02
2.803225806451612942e-02 2.750000000000000014e-02
1.716129032258064541e-02 1.799999999999999864e-02
1.827419354838709722e-02 1.650000000000000078e-02
1.885483870967741629e-02 1.799999999999999864e-02
1.390322580645161205e-02 1.349999999999999985e-02
1.546774193548386932e-02 1.549999999999999989e-02
2.770967741935483758e-02 2.500000000000000139e-02
2.835322580645160961e-01 2.054999999999999882e-01
4.753225806451612939e-02 4.449999999999999789e-02
3.445161290322580616e-02 3.049999999999999933e-02
1.756451612903225587e-02 1.949999999999999997e-02
2.401612903225806492e-02 2.249999999999999917e-02
1.554838709677419314e-02 1.349999999999999985e-02
1.479032258064516027e-02 1.400000000000000029e-02
1.419354838709677331e-02 1.549999999999999989e-02
2.345161290322580680e-02 2.100000000000000130e-02
2.853225806451612639e-02 2.750000000000000014e-02
3.069354838709677583e-02 2.850000000000000103e-02
2.385483870967741726e-02 2.549999999999999836e-02
8.032258064516127269e-03 1.200000000000000025e-02
1.298387096774193498e-02 1.499999999999999944e-02
1.082258064516129076e-02 1.349999999999999985e-02
1.156451612903225748e-02 1.400000000000000029e-02
4.177419354838709555e-03 6.499999999999999702e-03
1.695161290322580450e-02 1.949999999999999997e-02
2.953225806451612728e-02 3.049999999999999933e-02
2.949999999999999498e-02 2.549999999999999836e-02
