3.698870967741935134e-01 3.099999999999999978e-01
2.737419354838709351e-01 2.310000000000000109e-01
1.424838709677419268e-01 1.244999999999999996e-01
1.127741935483871083e-01 9.700000000000000289e-02
4.499516129032258283e-01 3.765000000000000013e-01
2.585000000000000075e-01 2.215000000000000024e-01
1.829516129032257854e-01 1.534999999999999976e-01
1.253387096774193354e-01 1.079999999999999988e-01
5.237096774193548271e-02 5.000000000000000278e-02
6.343548387096774321e-02 5.999999999999999778e-02
4.760322580645161006e-01 3.970000000000000195e-01
2.492419354838709411e-01 2.149999999999999967e-01
1.855161290322580592e-01 1.529999999999999971e-01
3.131774193548387819e-01 2.525000000000000022e-01
1.824516129032257850e-01 1.519999999999999962e-01
1.395161290322580461e-01 1.150000000000000050e-01
9.574193548387095742e-02 8.699999999999999400e-02
5.485483870967741010e-02 5.099999999999999672e-02
1.299354838709677329e-01 1.105000000000000010e-01
7.796774193548387799e-02 7.099999999999999367e-02
3.167741935483870952e-01 2.735000000000000209e-01
2.444032258064516294e-01 2.064999999999999891e-01
2.412903225806451724e-01 1.965000000000000080e-01
1.756290322580645047e-01 1.534999999999999976e-01
1.232419354838709818e-01 1.054999999999999966e-01
8.085483870967742626e-02 7.199999999999999456e-02
4.796774193548387216e-02 4.150000000000000216e-02
1.462258064516129275e-01 1.275000000000000022e-01
9.935483870967741493e-02 8.500000000000000611e-02
5.898387096774193594e-02 5.500000000000000028e-02
3.914677419354838928e-01 3.300000000000000155e-01
1.755161290322580503e-01 1.429999999999999882e-01
1.639193548387096744e-01 1.444999999999999896e-01
1.051612903225806472e-01 9.249999999999999889e-02
7.517741935483872318e-02 7.000000000000000666e-02
5.851612903225805740e-02 5.800000000000000294e-02
2.579193548387097024e-01 2.169999999999999984e-01
1.691935483870967705e-01 1.449999999999999900e-01
9.958064516129030985e-02 8.799999999999999489e-02
1.033548387096774046e-01 8.200000000000000344e-02
1.206451612903225723e-01 1.034999999999999948e-01
1.209838709677419355e-01 1.059999999999999970e-01
7.404838709677420694e-02 6.750000000000000444e-02
5.448387096774193888e-02 5.149999999999999717e-02
3.222580645161289559e-02 3.300000000000000155e-02
3.202096774193547990e-01 2.770000000000000240e-01
1.859032258064515775e-01 1.590000000000000024e-01
1.339677419354838306e-01 1.189999999999999947e-01
9.774193548387097308e-02 7.799999999999999989e-02
8.867741935483870741e-02 7.649999999999999856e-02
3.869677419354838888e-01 3.290000000000000147e-01
2.568387096774193412e-01 2.159999999999999976e-01
1.618709677419354898e-01 1.350000000000000089e-01
6.991935483870966028e-02 6.250000000000000000e-02
5.627419354838708587e-02 5.099999999999999672e-02
3.627419354838710280e-02 3.649999999999999772e-02
2.285483870967741984e-02 2.350000000000000006e-02
2.767741935483870874e-02 2.850000000000000103e-02
2.633870967741935160e-02 2.750000000000000014e-02
2.288709677419354868e-02 2.500000000000000139e-02
3.584999999999999853e-01 3.049999999999999933e-01
2.248548387096774293e-01 1.905000000000000027e-01
1.018225806451612814e-01 8.999999999999999667e-02
6.235483870967741676e-02 5.949999999999999734e-02
3.274193548387097086e-02 3.099999999999999978e-02
1.891935483870967744e-02 2.050000000000000086e-02
2.001612903225806483e-02 2.199999999999999872e-02
2.046774193548386855e-02 2.000000000000000042e-02
1.240322580645161245e-02 1.299999999999999940e-02
1.745161290322580494e-02 1.600000000000000033e-02
4.951290322580645387e-01 4.239999999999999880e-01
1.639354838709677353e-01 1.414999999999999869e-01
4.491935483870967277e-02 4.399999999999999745e-02
2.825806451612903128e-02 2.750000000000000014e-02
1.700000000000000122e-02 1.799999999999999864e-02
1.783870967741935099e-02 1.650000000000000078e-02
1.654838709677419056e-02 1.799999999999999864e-02
1.343548387096774217e-02 1.349999999999999985e-02
1.803225806451612748e-02 1.549999999999999989e-02
2.846774193548386872e-02 2.500000000000000139e-02
2.397258064516129272e-01 2.054999999999999882e-01
4.924193548387096470e-02 4.449999999999999789e-02
2.985483870967741565e-02 3.049999999999999933e-02
1.935483870967741674e-02 1.949999999999999997e-02
2.175806451612903245e-02 2.249999999999999917e-02
1.377419354838709670e-02 1.349999999999999985e-02
1.309677419354838765e-02 1.400000000000000029e-02
1.732258064516129306e-02 1.549999999999999989e-02
2.327419354838709473e-02 2.100000000000000130e-02
2.927419354838709659e-02 2.750000000000000014e-02
2.782258064516128851e-02 2.850000000000000103e-02
2.346774193548387122e-02 2.549999999999999836e-02
9.790322580645159298e-03 1.200000000000000025e-02
1.351612903225806427e-02 1.499999999999999944e-02
1.051612903225806334e-02 1.349999999999999985e-02
1.166129032258064399e-02 1.400000000000000029e-02
6.209677419354838433e-03 6.499999999999999702e-03
1.793548387096774097e-02 1.949999999999999997e-02
3.266129032258063836e-02 3.049999999999999933e-02
2.779032258064515967e-02 2.549999999999999836e-02
