0.336818 -0.483048 -2.16672 
-0.31241 -0.805196 -2.67157 
1.21473 -0.464284 -1.88098 
0.789114 -0.722964 -2.73842 
1.72369 -0.730385 -2.65744 
2.3521 -0.670524 -2.68153 
2.8414 -0.629784 -2.40473 
2.75739 -0.895847 -2.85501 
3.37726 -0.627258 -2.5719 
3.44939 -0.80922 -3.01254 
4.22143 -0.802653 -2.80229 
4.34709 -0.412774 -2.25472 
5.03771 -0.547689 -2.29589 
5.1999 -0.461342 -1.67721 
5.79085 -0.520168 -1.62645 
6.3656 -0.27988 -1.30775 
6.26293 -0.230942 -0.760479 
6.85923 -0.428224 -1.20616 
7.35342 0.0978752 0.243597 
7.47432 -0.00639897 0.223786 
7.93648 -0.0858197 -0.114486 
8.42399 -0.000243674 0.0661922 
8.3113 0.0920412 0.647652 
8.8677 0.0754531 0.793347 
9.29178 0.145759 0.97966 
9.41716 0.0773438 0.283034 
9.6955 0.0839769 1.41701 
10.0724 0.342809 1.75784 
10.4271 0.317457 2.00137 
10.3191 0.0848436 0.172407 
10.9212 0.173499 1.88164 
11.1568 0.154885 1.47115 
11.223 0.680467 2.73011 
11.3633 0.796954 3.95705 
11.8843 0.309412 1.77926 
11.5646 0.731429 4.65798 
11.8746 0.992621 4.90027 
11.5462 1.50244 6.96173 
11.344 1.7888 8.32532 
11.3479 1.9718 9.63902 
11.4695 1.25176 6.43333 
10.6728 2.41278 8.51308 
11.1633 3.04429 8.71041 
10.8002 2.12252 11.2318 
10.5464 2.95518 10.5107 
9.93135 2.73067 12.2878 
9.8555 3.46808 11.6947 
10.0276 3.22421 12.2367 
8.99142 3.25558 13.2596 
8.6186 3.72906 13.6602 
8.40933 3.86936 13.6437 
8.58327 3.76628 13.9698 
7.46879 4.166 14.4604 
7.59702 4.52144 14.4986 
5.86783 4.691 15.1787 
7.02133 4.68341 14.836 
4.4393 5.06495 15.5764 
2.47237 4.94609 16.5222 
1.74465 4.62139 16.5756 
-0.329236 4.98785 16.9148 
-2.02776 5.00222 16.6561 
-2.1071 4.59071 16.3611 
-2.29842 4.2848 15.9287 
-6.31696 3.89269 14.6547 
-0.448809 -0.718372 -2.73345 
-7.02591 4.51222 13.9685 
-1.4618 -0.627412 -2.27582 
-1.71925 -0.580493 -2.40155 
-1.95171 -0.63456 -2.52245 
-1.87723 -0.719482 -2.69217 
-1.29735 -0.837651 -2.95222 
-2.65231 -0.711658 -2.50363 
-2.62407 -0.592957 -2.58664 
-2.97526 -0.515044 -2.70475 
-3.95555 -0.682002 -2.34151 
-3.98772 -0.559395 -2.23081 
-4.55695 -0.568767 -1.95597 
-4.79484 -0.646394 -1.89011 
-5.09664 -0.468576 -1.35737 
-3.61803 -0.610291 -2.28501 
-5.59474 -0.347925 -1.14859 
-5.96109 -0.398799 -1.22865 
-6.08735 -0.274719 -0.766125 
-6.56911 -0.15211 -0.213887 
-6.56099 -0.122707 -0.516851 
-7.59318 3.88406 13.5488 
-7.63216 4.20122 13.0276 
-6.86563 3.88146 13.3822 
-7.27134 4.0203 12.8608 
-7.24149 4.28281 12.4609 
-8.6693 3.65475 11.3104 
-8.43709 3.88095 10.9759 
-7.45825 4.05607 10.8569 
-7.99739 3.76944 10.7233 
-9.15946 3.72357 10.025 
-9.05161 3.5146 9.71014 
-7.46499 4.23777 11.4134 
-9.60159 3.31824 8.59175 
-8.444 2.83324 9.22281 
-8.91492 2.2023 8.09146 
-8.45537 1.93552 8.54718 
-8.53021 2.48075 8.13295 
-7.04515 1.37684 9.32711 
-8.98403 2.1082 7.36866 
-8.32179 2.01855 7.37332 
-7.38392 1.39411 8.22587 
-9.28426 1.27368 5.09453 
-9.07664 1.61559 5.76534 
-8.40112 1.54873 6.70603 
-8.39794 1.49584 5.91213 
-9.2335 1.02501 3.86119 
-8.42927 1.20814 5.05712 
-8.9878 0.959308 3.47728 
-8.57588 0.98328 3.57245 
-8.72405 1.06838 2.35888 
-8.79544 0.730886 2.24427 
-8.48876 0.86785 3.06701 
-8.83306 0.401573 2.6924 
-8.54616 0.716289 2.85241 
-8.18451 0.768163 3.12781 
-8.13035 0.549841 2.77926 
-8.05428 0.616438 2.23448 
-7.79476 0.564458 2.59319 
-7.8405 0.322119 1.75443 
-7.66628 0.29332 1.9415 
-6.99287 0.0190062 0.646709 
-7.37813 0.297979 1.18177 
-7.48299 -0.0563122 0.508667 
