764.756 0 562 0 764.756 374.5 0 0 1 
763.947 0 562 0 763.947 374.5 0 0 1 
766.136 0 562 0 766.136 374.5 0 0 1 
766.21 0 562 0 766.21 374.5 0 0 1 
770.303 0 562 0 770.303 374.5 0 0 1 
769.039 0 562 0 769.039 374.5 0 0 1 
769.871 0 562 0 769.871 374.5 0 0 1 
769.305 0 562 0 769.305 374.5 0 0 1 
769.096 0 562 0 769.096 374.5 0 0 1 
769.965 0 562 0 769.965 374.5 0 0 1 
770.252 0 562 0 770.252 374.5 0 0 1 
768.221 0 562 0 768.221 374.5 0 0 1 
770.604 0 562 0 770.604 374.5 0 0 1 
767.972 0 562 0 767.972 374.5 0 0 1 
769.649 0 562 0 769.649 374.5 0 0 1 
769.672 0 562 0 769.672 374.5 0 0 1 
769.481 0 562 0 769.481 374.5 0 0 1 
768.189 0 562 0 768.189 374.5 0 0 1 
768.571 0 562 0 768.571 374.5 0 0 1 
764.914 0 562 0 764.914 374.5 0 0 1 
764.561 0 562 0 764.561 374.5 0 0 1 
767.298 0 562 0 767.298 374.5 0 0 1 
766.16 0 562 0 766.16 374.5 0 0 1 
766.907 0 562 0 766.907 374.5 0 0 1 
766.84 0 562 0 766.84 374.5 0 0 1 
767.284 0 562 0 767.284 374.5 0 0 1 
767.253 0 562 0 767.253 374.5 0 0 1 
767.591 0 562 0 767.591 374.5 0 0 1 
768.034 0 562 0 768.034 374.5 0 0 1 
766.288 0 562 0 766.288 374.5 0 0 1 
767.631 0 562 0 767.631 374.5 0 0 1 
769.105 0 562 0 769.105 374.5 0 0 1 
768.456 0 562 0 768.456 374.5 0 0 1 
767.908 0 562 0 767.908 374.5 0 0 1 
768.703 0 562 0 768.703 374.5 0 0 1 
764.257 0 562 0 764.257 374.5 0 0 1 
768.865 0 562 0 768.865 374.5 0 0 1 
767.786 0 562 0 767.786 374.5 0 0 1 
768.498 0 562 0 768.498 374.5 0 0 1 
762.487 0 562 0 762.487 374.5 0 0 1 
764.583 0 562 0 764.583 374.5 0 0 1 
759.937 0 562 0 759.937 374.5 0 0 1 
760.589 0 562 0 760.589 374.5 0 0 1 
758.766 0 562 0 758.766 374.5 0 0 1 
760.467 0 562 0 760.467 374.5 0 0 1 
760.936 0 562 0 760.936 374.5 0 0 1 
765.451 0 562 0 765.451 374.5 0 0 1 
762.615 0 562 0 762.615 374.5 0 0 1 
763.654 0 562 0 763.654 374.5 0 0 1 
762.244 0 562 0 762.244 374.5 0 0 1 
758.079 0 562 0 758.079 374.5 0 0 1 
760.785 0 562 0 760.785 374.5 0 0 1 
764.263 0 562 0 764.263 374.5 0 0 1 
760.87 0 562 0 760.87 374.5 0 0 1 
763.895 0 562 0 763.895 374.5 0 0 1 
765.206 0 562 0 765.206 374.5 0 0 1 
763.821 0 562 0 763.821 374.5 0 0 1 
761.798 0 562 0 761.798 374.5 0 0 1 
766.286 0 562 0 766.286 374.5 0 0 1 
766.31 0 562 0 766.31 374.5 0 0 1 
764.378 0 562 0 764.378 374.5 0 0 1 
764.415 0 562 0 764.415 374.5 0 0 1 
763.674 0 562 0 763.674 374.5 0 0 1 
760.122 0 562 0 760.122 374.5 0 0 1 
765.806 0 562 0 765.806 374.5 0 0 1 
766.591 0 562 0 766.591 374.5 0 0 1 
765.016 0 562 0 765.016 374.5 0 0 1 
763.91 0 562 0 763.91 374.5 0 0 1 
761.442 0 562 0 761.442 374.5 0 0 1 
761.686 0 562 0 761.686 374.5 0 0 1 
765.367 0 562 0 765.367 374.5 0 0 1 
763.259 0 562 0 763.259 374.5 0 0 1 
766.226 0 562 0 766.226 374.5 0 0 1 
767.878 0 562 0 767.878 374.5 0 0 1 
764.23 0 562 0 764.23 374.5 0 0 1 
764.405 0 562 0 764.405 374.5 0 0 1 
763.327 0 562 0 763.327 374.5 0 0 1 
769.312 0 562 0 769.312 374.5 0 0 1 
763.379 0 562 0 763.379 374.5 0 0 1 
761.539 0 562 0 761.539 374.5 0 0 1 
763.58 0 562 0 763.58 374.5 0 0 1 
760.464 0 562 0 760.464 374.5 0 0 1 
762.651 0 562 0 762.651 374.5 0 0 1 
763.04 0 562 0 763.04 374.5 0 0 1 
762.588 0 562 0 762.588 374.5 0 0 1 
764.389 0 562 0 764.389 374.5 0 0 1 
764.852 0 562 0 764.852 374.5 0 0 1 
765.849 0 562 0 765.849 374.5 0 0 1 
765.671 0 562 0 765.671 374.5 0 0 1 
766.625 0 562 0 766.625 374.5 0 0 1 
763.503 0 562 0 763.503 374.5 0 0 1 
764.108 0 562 0 764.108 374.5 0 0 1 
764.188 0 562 0 764.188 374.5 0 0 1 
765.76 0 562 0 765.76 374.5 0 0 1 
763.931 0 562 0 763.931 374.5 0 0 1 
764.788 0 562 0 764.788 374.5 0 0 1 
765.109 0 562 0 765.109 374.5 0 0 1 
767.217 0 562 0 767.217 374.5 0 0 1 
767.492 0 562 0 767.492 374.5 0 0 1 
771.258 0 562 0 771.258 374.5 0 0 1 
770.21 0 562 0 770.21 374.5 0 0 1 
769.923 0 562 0 769.923 374.5 0 0 1 
765.058 0 562 0 765.058 374.5 0 0 1 
767.825 0 562 0 767.825 374.5 0 0 1 
775.285 0 562 0 775.285 374.5 0 0 1 
773.807 0 562 0 773.807 374.5 0 0 1 
774.462 0 562 0 774.462 374.5 0 0 1 
773.888 0 562 0 773.888 374.5 0 0 1 
766.378 0 562 0 766.378 374.5 0 0 1 
765.936 0 562 0 765.936 374.5 0 0 1 
769.283 0 562 0 769.283 374.5 0 0 1 
766.436 0 562 0 766.436 374.5 0 0 1 
771.023 0 562 0 771.023 374.5 0 0 1 
771.071 0 562 0 771.071 374.5 0 0 1 
765.888 0 562 0 765.888 374.5 0 0 1 
764.857 0 562 0 764.857 374.5 0 0 1 
770.992 0 562 0 770.992 374.5 0 0 1 
769.875 0 562 0 769.875 374.5 0 0 1 
767.564 0 562 0 767.564 374.5 0 0 1 
766.998 0 562 0 766.998 374.5 0 0 1 
767.568 0 562 0 767.568 374.5 0 0 1 
774.686 0 562 0 774.686 374.5 0 0 1 
768.475 0 562 0 768.475 374.5 0 0 1 
764.121 0 562 0 764.121 374.5 0 0 1 
766.959 0 562 0 766.959 374.5 0 0 1 
771.082 0 562 0 771.082 374.5 0 0 1 
770.287 0 562 0 770.287 374.5 0 0 1 
770.578 0 562 0 770.578 374.5 0 0 1 
772.263 0 562 0 772.263 374.5 0 0 1 
773.389 0 562 0 773.389 374.5 0 0 1 
767.982 0 562 0 767.982 374.5 0 0 1 
774.421 0 562 0 774.421 374.5 0 0 1 
772.804 0 562 0 772.804 374.5 0 0 1 
772.077 0 562 0 772.077 374.5 0 0 1 
770.807 0 562 0 770.807 374.5 0 0 1 
771.673 0 562 0 771.673 374.5 0 0 1 
770.441 0 562 0 770.441 374.5 0 0 1 
770.392 0 562 0 770.392 374.5 0 0 1 
772.58 0 562 0 772.58 374.5 0 0 1 
772.533 0 562 0 772.533 374.5 0 0 1 
773.274 0 562 0 773.274 374.5 0 0 1 
773.74 0 562 0 773.74 374.5 0 0 1 
769.662 0 562 0 769.662 374.5 0 0 1 
776.994 0 562 0 776.994 374.5 0 0 1 
774.334 0 562 0 774.334 374.5 0 0 1 
770.457 0 562 0 770.457 374.5 0 0 1 
769.506 0 562 0 769.506 374.5 0 0 1 
769.5 0 562 0 769.5 374.5 0 0 1 
769.22 0 562 0 769.22 374.5 0 0 1 
769.181 0 562 0 769.181 374.5 0 0 1 
767.86 0 562 0 767.86 374.5 0 0 1 
763.227 0 562 0 763.227 374.5 0 0 1 
767.363 0 562 0 767.363 374.5 0 0 1 
765.545 0 562 0 765.545 374.5 0 0 1 
764.338 0 562 0 764.338 374.5 0 0 1 
768.079 0 562 0 768.079 374.5 0 0 1 
770.164 0 562 0 770.164 374.5 0 0 1 
769.634 0 562 0 769.634 374.5 0 0 1 
772.515 0 562 0 772.515 374.5 0 0 1 
771.634 0 562 0 771.634 374.5 0 0 1 
765.93 0 562 0 765.93 374.5 0 0 1 
769.61 0 562 0 769.61 374.5 0 0 1 
769.587 0 562 0 769.587 374.5 0 0 1 
766.477 0 562 0 766.477 374.5 0 0 1 
767.184 0 562 0 767.184 374.5 0 0 1 
767.978 0 562 0 767.978 374.5 0 0 1 
767.018 0 562 0 767.018 374.5 0 0 1 
768.257 0 562 0 768.257 374.5 0 0 1 
767.216 0 562 0 767.216 374.5 0 0 1 
767.106 0 562 0 767.106 374.5 0 0 1 
763.698 0 562 0 763.698 374.5 0 0 1 
768.1 0 374.5 0 768.1 562 0 0 1 
769.084 0 374.5 0 769.084 562 0 0 1 
769.635 0 562 0 769.635 374.5 0 0 1 
768.094 0 562 0 768.094 374.5 0 0 1 
766.923 0 562 0 766.923 374.5 0 0 1 
766.439 0 562 0 766.439 374.5 0 0 1 
762.378 0 562 0 762.378 374.5 0 0 1 
766.016 0 562 0 766.016 374.5 0 0 1 
771.303 0 562 0 771.303 374.5 0 0 1 
768.342 0 562 0 768.342 374.5 0 0 1 
768.575 0 562 0 768.575 374.5 0 0 1 
772.211 0 562 0 772.211 374.5 0 0 1 
769.906 0 562 0 769.906 374.5 0 0 1 
768.191 0 562 0 768.191 374.5 0 0 1 
768.035 0 562 0 768.035 374.5 0 0 1 
769.742 0 374.5 0 769.742 562 0 0 1 
766.513 0 562 0 766.513 374.5 0 0 1 
764.465 0 562 0 764.465 374.5 0 0 1 
766.497 0 562 0 766.497 374.5 0 0 1 
767.947 0 562 0 767.947 374.5 0 0 1 
767.317 0 562 0 767.317 374.5 0 0 1 
768.353 0 562 0 768.353 374.5 0 0 1 
768.546 0 562 0 768.546 374.5 0 0 1 
766.081 0 562 0 766.081 374.5 0 0 1 
762.153 0 562 0 762.153 374.5 0 0 1 
767.255 0 562 0 767.255 374.5 0 0 1 
767.976 0 562 0 767.976 374.5 0 0 1 
767.993 0 562 0 767.993 374.5 0 0 1 
769.076 0 562 0 769.076 374.5 0 0 1 
766.66 0 562 0 766.66 374.5 0 0 1 
767.349 0 562 0 767.349 374.5 0 0 1 
767.982 0 562 0 767.982 374.5 0 0 1 
764.996 0 562 0 764.996 374.5 0 0 1 
765.511 0 562 0 765.511 374.5 0 0 1 
765.883 0 562 0 765.883 374.5 0 0 1 
766.024 0 562 0 766.024 374.5 0 0 1 
765.975 0 562 0 765.975 374.5 0 0 1 
767.826 0 562 0 767.826 374.5 0 0 1 
766.717 0 562 0 766.717 374.5 0 0 1 
774.933 0 562 0 774.933 374.5 0 0 1 
773.139 0 562 0 773.139 374.5 0 0 1 
773.603 0 562 0 773.603 374.5 0 0 1 
774.724 0 562 0 774.724 374.5 0 0 1 
774.3 0 562 0 774.3 374.5 0 0 1 
769.162 0 562 0 769.162 374.5 0 0 1 
765.348 0 562 0 765.348 374.5 0 0 1 
768.203 0 562 0 768.203 374.5 0 0 1 
769.271 0 562 0 769.271 374.5 0 0 1 
771.172 0 562 0 771.172 374.5 0 0 1 
776.289 0 562 0 776.289 374.5 0 0 1 
764.774 0 562 0 764.774 374.5 0 0 1 
770.042 0 562 0 770.042 374.5 0 0 1 
770.725 0 562 0 770.725 374.5 0 0 1 
769.592 0 562 0 769.592 374.5 0 0 1 
767.642 0 562 0 767.642 374.5 0 0 1 
769.697 0 562 0 769.697 374.5 0 0 1 
766.959 0 562 0 766.959 374.5 0 0 1 
763.045 0 562 0 763.045 374.5 0 0 1 
764.706 0 562 0 764.706 374.5 0 0 1 
765.9 0 562 0 765.9 374.5 0 0 1 
767.53 0 562 0 767.53 374.5 0 0 1 
765.745 0 562 0 765.745 374.5 0 0 1 
764.575 0 562 0 764.575 374.5 0 0 1 
763.716 0 562 0 763.716 374.5 0 0 1 
768.002 0 562 0 768.002 374.5 0 0 1 
776.814 0 562 0 776.814 374.5 0 0 1 
770.771 0 562 0 770.771 374.5 0 0 1 
772.262 0 562 0 772.262 374.5 0 0 1 
761.877 0 562 0 761.877 374.5 0 0 1 
769.267 0 562 0 769.267 374.5 0 0 1 
775.952 0 562 0 775.952 374.5 0 0 1 
762.134 0 562 0 762.134 374.5 0 0 1 
768.176 0 562 0 768.176 374.5 0 0 1 
765.393 0 562 0 765.393 374.5 0 0 1 
761.711 0 562 0 761.711 374.5 0 0 1 
762.811 0 562 0 762.811 374.5 0 0 1 
756.689 0 562 0 756.689 374.5 0 0 1 
766.306 0 562 0 766.306 374.5 0 0 1 
761.34 0 562 0 761.34 374.5 0 0 1 
769.243 0 562 0 769.243 374.5 0 0 1 
762.136 0 562 0 762.136 374.5 0 0 1 
764.417 0 562 0 764.417 374.5 0 0 1 
761.616 0 562 0 761.616 374.5 0 0 1 
776.2 0 562 0 776.2 374.5 0 0 1 
774.939 0 562 0 774.939 374.5 0 0 1 
762.178 0 562 0 762.178 374.5 0 0 1 
761.395 0 374.5 0 761.395 562 0 0 1 
762.946 0 374.5 0 762.946 562 0 0 1 
767.652 0 374.5 0 767.652 562 0 0 1 
763.161 0 374.5 0 763.161 562 0 0 1 
767.082 0 374.5 0 767.082 562 0 0 1 
778.299 0 374.5 0 778.299 562 0 0 1 
778.854 0 562 0 778.854 374.5 0 0 1 
776.496 0 562 0 776.496 374.5 0 0 1 
769.225 0 562 0 769.225 374.5 0 0 1 
766.466 0 562 0 766.466 374.5 0 0 1 
764.664 0 562 0 764.664 374.5 0 0 1 
760.963 0 562 0 760.963 374.5 0 0 1 
777.634 0 562 0 777.634 374.5 0 0 1 
768.447 0 374.5 0 768.447 562 0 0 1 
764.228 0 374.5 0 764.228 562 0 0 1 
767.314 0 562 0 767.314 374.5 0 0 1 
766.275 0 562 0 766.275 374.5 0 0 1 
766.042 0 562 0 766.042 374.5 0 0 1 
758.172 0 562 0 758.172 374.5 0 0 1 
763.766 0 562 0 763.766 374.5 0 0 1 
764.255 0 562 0 764.255 374.5 0 0 1 
767.058 0 562 0 767.058 374.5 0 0 1 
767.715 0 562 0 767.715 374.5 0 0 1 
760.249 0 562 0 760.249 374.5 0 0 1 
767.135 0 562 0 767.135 374.5 0 0 1 
767.1 0 562 0 767.1 374.5 0 0 1 
769.264 0 562 0 769.264 374.5 0 0 1 
766.117 0 562 0 766.117 374.5 0 0 1 
766.284 0 562 0 766.284 374.5 0 0 1 
763.716 0 562 0 763.716 374.5 0 0 1 
768.814 0 562 0 768.814 374.5 0 0 1 
770.657 0 562 0 770.657 374.5 0 0 1 
772.175 0 562 0 772.175 374.5 0 0 1 
773.44 0 562 0 773.44 374.5 0 0 1 
772.471 0 562 0 772.471 374.5 0 0 1 
771.206 0 562 0 771.206 374.5 0 0 1 
772.494 0 562 0 772.494 374.5 0 0 1 
771.059 0 562 0 771.059 374.5 0 0 1 
772.147 0 562 0 772.147 374.5 0 0 1 
773.059 0 562 0 773.059 374.5 0 0 1 
770.96 0 562 0 770.96 374.5 0 0 1 
772.633 0 562 0 772.633 374.5 0 0 1 
772.867 0 562 0 772.867 374.5 0 0 1 
770.29 0 562 0 770.29 374.5 0 0 1 
770.457 0 562 0 770.457 374.5 0 0 1 
774.125 0 562 0 774.125 374.5 0 0 1 
775.772 0 562 0 775.772 374.5 0 0 1 
768.851 0 562 0 768.851 374.5 0 0 1 
775.723 0 562 0 775.723 374.5 0 0 1 
764.905 0 562 0 764.905 374.5 0 0 1 
760.428 0 562 0 760.428 374.5 0 0 1 
765.928 0 562 0 765.928 374.5 0 0 1 
765.35 0 562 0 765.35 374.5 0 0 1 
765.432 0 562 0 765.432 374.5 0 0 1 
760.631 0 562 0 760.631 374.5 0 0 1 
771.008 0 562 0 771.008 374.5 0 0 1 
759.477 0 562 0 759.477 374.5 0 0 1 
761.506 0 562 0 761.506 374.5 0 0 1 
760.572 0 374.5 0 760.572 562 0 0 1 
777.311 0 562 0 777.311 374.5 0 0 1 
771.759 0 562 0 771.759 374.5 0 0 1 
771.486 0 562 0 771.486 374.5 0 0 1 
775.697 0 562 0 775.697 374.5 0 0 1 
775.183 0 562 0 775.183 374.5 0 0 1 
761.674 0 562 0 761.674 374.5 0 0 1 
773.014 0 562 0 773.014 374.5 0 0 1 
772.78 0 562 0 772.78 374.5 0 0 1 
763.939 0 562 0 763.939 374.5 0 0 1 
754.417 0 562 0 754.417 374.5 0 0 1 
761.377 0 562 0 761.377 374.5 0 0 1 
774.414 0 562 0 774.414 374.5 0 0 1 
767.641 0 562 0 767.641 374.5 0 0 1 
771.62 0 562 0 771.62 374.5 0 0 1 
776.089 0 562 0 776.089 374.5 0 0 1 
766.513 0 562 0 766.513 374.5 0 0 1 
763.987 0 562 0 763.987 374.5 0 0 1 
764.666 0 562 0 764.666 374.5 0 0 1 
767.59 0 562 0 767.59 374.5 0 0 1 
764.515 0 562 0 764.515 374.5 0 0 1 
765.388 0 562 0 765.388 374.5 0 0 1 
766.849 0 562 0 766.849 374.5 0 0 1 
765.198 0 562 0 765.198 374.5 0 0 1 
763.762 0 562 0 763.762 374.5 0 0 1 
760.1 0 562 0 760.1 374.5 0 0 1 
768.367 0 562 0 768.367 374.5 0 0 1 
765.875 0 562 0 765.875 374.5 0 0 1 
772.402 0 562 0 772.402 374.5 0 0 1 
766.216 0 562 0 766.216 374.5 0 0 1 
766.079 0 562 0 766.079 374.5 0 0 1 
757.899 0 562 0 757.899 374.5 0 0 1 
759.393 0 562 0 759.393 374.5 0 0 1 
773.168 0 562 0 773.168 374.5 0 0 1 
773.208 0 562 0 773.208 374.5 0 0 1 
771.994 0 562 0 771.994 374.5 0 0 1 
770.746 0 562 0 770.746 374.5 0 0 1 
771.268 0 562 0 771.268 374.5 0 0 1 
769.956 0 562 0 769.956 374.5 0 0 1 
770.651 0 562 0 770.651 374.5 0 0 1 
766.921 0 562 0 766.921 374.5 0 0 1 
773.663 0 562 0 773.663 374.5 0 0 1 
774.423 0 562 0 774.423 374.5 0 0 1 
774.509 0 562 0 774.509 374.5 0 0 1 
774.312 0 562 0 774.312 374.5 0 0 1 
773.289 0 562 0 773.289 374.5 0 0 1 
774.009 0 562 0 774.009 374.5 0 0 1 
772.004 0 562 0 772.004 374.5 0 0 1 
768.87 0 562 0 768.87 374.5 0 0 1 
768.475 0 562 0 768.475 374.5 0 0 1 
773.419 0 562 0 773.419 374.5 0 0 1 
779.336 0 562 0 779.336 374.5 0 0 1 
768.797 0 562 0 768.797 374.5 0 0 1 
774.041 0 562 0 774.041 374.5 0 0 1 
774.951 0 562 0 774.951 374.5 0 0 1 
773.307 0 562 0 773.307 374.5 0 0 1 
774.211 0 562 0 774.211 374.5 0 0 1 
773.395 0 562 0 773.395 374.5 0 0 1 
773.328 0 562 0 773.328 374.5 0 0 1 
772.527 0 562 0 772.527 374.5 0 0 1 
772.635 0 562 0 772.635 374.5 0 0 1 
771.828 0 562 0 771.828 374.5 0 0 1 
772.485 0 562 0 772.485 374.5 0 0 1 
770.898 0 562 0 770.898 374.5 0 0 1 
770.374 0 562 0 770.374 374.5 0 0 1 
772.385 0 562 0 772.385 374.5 0 0 1 
772.626 0 562 0 772.626 374.5 0 0 1 
772.416 0 562 0 772.416 374.5 0 0 1 
771.029 0 562 0 771.029 374.5 0 0 1 
772.734 0 562 0 772.734 374.5 0 0 1 
771.746 0 562 0 771.746 374.5 0 0 1 
772.468 0 562 0 772.468 374.5 0 0 1 
771.98 0 562 0 771.98 374.5 0 0 1 
771.018 0 562 0 771.018 374.5 0 0 1 
772.318 0 562 0 772.318 374.5 0 0 1 
771.284 0 562 0 771.284 374.5 0 0 1 
771.306 0 562 0 771.306 374.5 0 0 1 
771.383 0 562 0 771.383 374.5 0 0 1 
774.957 0 562 0 774.957 374.5 0 0 1 
772.404 0 562 0 772.404 374.5 0 0 1 
750.968 0 562 0 750.968 374.5 0 0 1 
771.678 0 562 0 771.678 374.5 0 0 1 
764.185 0 562 0 764.185 374.5 0 0 1 
774.952 0 562 0 774.952 374.5 0 0 1 
778.98 0 562 0 778.98 374.5 0 0 1 
771.648 0 562 0 771.648 374.5 0 0 1 
768.206 0 562 0 768.206 374.5 0 0 1 
773.484 0 562 0 773.484 374.5 0 0 1 
765.246 0 562 0 765.246 374.5 0 0 1 
771.701 0 562 0 771.701 374.5 0 0 1 
771.166 0 562 0 771.166 374.5 0 0 1 
771.321 0 562 0 771.321 374.5 0 0 1 
770.124 0 562 0 770.124 374.5 0 0 1 
771.002 0 562 0 771.002 374.5 0 0 1 
768.985 0 562 0 768.985 374.5 0 0 1 
770.319 0 562 0 770.319 374.5 0 0 1 
769.767 0 562 0 769.767 374.5 0 0 1 
769.335 0 562 0 769.335 374.5 0 0 1 
772.252 0 562 0 772.252 374.5 0 0 1 
762.174 0 562 0 762.174 374.5 0 0 1 
776.38 0 562 0 776.38 374.5 0 0 1 
764.651 0 562 0 764.651 374.5 0 0 1 
766.564 0 562 0 766.564 374.5 0 0 1 
762.051 0 562 0 762.051 374.5 0 0 1 
763.484 0 562 0 763.484 374.5 0 0 1 
759.839 0 562 0 759.839 374.5 0 0 1 
764.289 0 562 0 764.289 374.5 0 0 1 
752.153 0 562 0 752.153 374.5 0 0 1 
749.181 0 562 0 749.181 374.5 0 0 1 
757.766 0 562 0 757.766 374.5 0 0 1 
765.186 0 562 0 765.186 374.5 0 0 1 
763.117 0 562 0 763.117 374.5 0 0 1 
761.989 0 562 0 761.989 374.5 0 0 1 
763.951 0 562 0 763.951 374.5 0 0 1 
769.601 0 562 0 769.601 374.5 0 0 1 
764.839 0 562 0 764.839 374.5 0 0 1 
771.146 0 562 0 771.146 374.5 0 0 1 
766.746 0 562 0 766.746 374.5 0 0 1 
766.077 0 562 0 766.077 374.5 0 0 1 
763.507 0 562 0 763.507 374.5 0 0 1 
772.273 0 562 0 772.273 374.5 0 0 1 
777.284 0 562 0 777.284 374.5 0 0 1 
772.194 0 562 0 772.194 374.5 0 0 1 
767.13 0 562 0 767.13 374.5 0 0 1 
769.147 0 562 0 769.147 374.5 0 0 1 
769.955 0 562 0 769.955 374.5 0 0 1 
766.45 0 562 0 766.45 374.5 0 0 1 
767.121 0 562 0 767.121 374.5 0 0 1 
766.813 0 562 0 766.813 374.5 0 0 1 
766.749 0 562 0 766.749 374.5 0 0 1 
767.582 0 562 0 767.582 374.5 0 0 1 
767.072 0 562 0 767.072 374.5 0 0 1 
773.366 0 562 0 773.366 374.5 0 0 1 
774.778 0 562 0 774.778 374.5 0 0 1 
766.886 0 562 0 766.886 374.5 0 0 1 
766.762 0 562 0 766.762 374.5 0 0 1 
765.163 0 562 0 765.163 374.5 0 0 1 
768.954 0 562 0 768.954 374.5 0 0 1 
768.861 0 562 0 768.861 374.5 0 0 1 
776.05 0 562 0 776.05 374.5 0 0 1 
770.011 0 562 0 770.011 374.5 0 0 1 
768.388 0 562 0 768.388 374.5 0 0 1 
766.973 0 562 0 766.973 374.5 0 0 1 
765.795 0 562 0 765.795 374.5 0 0 1 
767.403 0 562 0 767.403 374.5 0 0 1 
767.868 0 562 0 767.868 374.5 0 0 1 
771.439 0 562 0 771.439 374.5 0 0 1 
764.33 0 562 0 764.33 374.5 0 0 1 
762.913 0 562 0 762.913 374.5 0 0 1 
767.25 0 562 0 767.25 374.5 0 0 1 
774.441 0 562 0 774.441 374.5 0 0 1 
765.783 0 562 0 765.783 374.5 0 0 1 
772.623 0 562 0 772.623 374.5 0 0 1 
771.952 0 562 0 771.952 374.5 0 0 1 
763.3 0 562 0 763.3 374.5 0 0 1 
773.594 0 562 0 773.594 374.5 0 0 1 
762.202 0 562 0 762.202 374.5 0 0 1 
765.387 0 562 0 765.387 374.5 0 0 1 
765.814 0 562 0 765.814 374.5 0 0 1 
765.775 0 562 0 765.775 374.5 0 0 1 
765.668 0 562 0 765.668 374.5 0 0 1 
770.177 0 562 0 770.177 374.5 0 0 1 
770.566 0 562 0 770.566 374.5 0 0 1 
770.852 0 562 0 770.852 374.5 0 0 1 
767.645 0 562 0 767.645 374.5 0 0 1 
770.14 0 562 0 770.14 374.5 0 0 1 
769.244 0 562 0 769.244 374.5 0 0 1 
764.025 0 562 0 764.025 374.5 0 0 1 
768.319 0 562 0 768.319 374.5 0 0 1 
766.449 0 562 0 766.449 374.5 0 0 1 
757.639 0 562 0 757.639 374.5 0 0 1 
770.453 0 562 0 770.453 374.5 0 0 1 
770.032 0 562 0 770.032 374.5 0 0 1 
769.539 0 562 0 769.539 374.5 0 0 1 
768.892 0 562 0 768.892 374.5 0 0 1 
768.879 0 562 0 768.879 374.5 0 0 1 
768.684 0 562 0 768.684 374.5 0 0 1 
768.873 0 562 0 768.873 374.5 0 0 1 
768.767 0 562 0 768.767 374.5 0 0 1 
767.409 0 562 0 767.409 374.5 0 0 1 
767.844 0 562 0 767.844 374.5 0 0 1 
766.541 0 562 0 766.541 374.5 0 0 1 
767.136 0 562 0 767.136 374.5 0 0 1 
764.785 0 562 0 764.785 374.5 0 0 1 
764.712 0 562 0 764.712 374.5 0 0 1 
764.684 0 562 0 764.684 374.5 0 0 1 
762.974 0 562 0 762.974 374.5 0 0 1 
760.159 0 562 0 760.159 374.5 0 0 1 
757.634 0 562 0 757.634 374.5 0 0 1 
764.36 0 562 0 764.36 374.5 0 0 1 
759.13 0 562 0 759.13 374.5 0 0 1 
781.033 0 562 0 781.033 374.5 0 0 1 
765.952 0 562 0 765.952 374.5 0 0 1 
681.075 0 562 0 681.075 374.5 0 0 1 
764.848 0 562 0 764.848 374.5 0 0 1 
765.7 0 562 0 765.7 374.5 0 0 1 
765.018 0 562 0 765.018 374.5 0 0 1 
764.716 0 562 0 764.716 374.5 0 0 1 
765.525 0 562 0 765.525 374.5 0 0 1 
763.868 0 562 0 763.868 374.5 0 0 1 
763.773 0 562 0 763.773 374.5 0 0 1 
763.487 0 562 0 763.487 374.5 0 0 1 
762.343 0 562 0 762.343 374.5 0 0 1 
760.07 0 562 0 760.07 374.5 0 0 1 
760.182 0 562 0 760.182 374.5 0 0 1 
758.096 0 562 0 758.096 374.5 0 0 1 
757.816 0 562 0 757.816 374.5 0 0 1 
759.378 0 562 0 759.378 374.5 0 0 1 
762.427 0 562 0 762.427 374.5 0 0 1 
760.232 0 562 0 760.232 374.5 0 0 1 
760.157 0 562 0 760.157 374.5 0 0 1 
760.266 0 562 0 760.266 374.5 0 0 1 
760.897 0 562 0 760.897 374.5 0 0 1 
775.266 0 562 0 775.266 374.5 0 0 1 
773.873 0 562 0 773.873 374.5 0 0 1 
767.618 0 562 0 767.618 374.5 0 0 1 
769.411 0 562 0 769.411 374.5 0 0 1 
764.902 0 562 0 764.902 374.5 0 0 1 
762.792 0 562 0 762.792 374.5 0 0 1 
768.008 0 562 0 768.008 374.5 0 0 1 
765.643 0 562 0 765.643 374.5 0 0 1 
768.658 0 562 0 768.658 374.5 0 0 1 
749.834 0 562 0 749.834 374.5 0 0 1 
776.086 0 562 0 776.086 374.5 0 0 1 
749.798 0 562 0 749.798 374.5 0 0 1 
774.193 0 562 0 774.193 374.5 0 0 1 
775.448 0 562 0 775.448 374.5 0 0 1 
775.896 0 562 0 775.896 374.5 0 0 1 
777.221 0 562 0 777.221 374.5 0 0 1 
779.007 0 562 0 779.007 374.5 0 0 1 
781.874 0 562 0 781.874 374.5 0 0 1 
760.89 0 562 0 760.89 374.5 0 0 1 
774.166 0 562 0 774.166 374.5 0 0 1 
768.49 0 562 0 768.49 374.5 0 0 1 
768.905 0 562 0 768.905 374.5 0 0 1 
772.31 0 562 0 772.31 374.5 0 0 1 
767.763 0 562 0 767.763 374.5 0 0 1 
765.777 0 562 0 765.777 374.5 0 0 1 
774.676 0 562 0 774.676 374.5 0 0 1 
770.819 0 562 0 770.819 374.5 0 0 1 
767.573 0 562 0 767.573 374.5 0 0 1 
772.723 0 562 0 772.723 374.5 0 0 1 
871.834 0 562 0 871.834 374.5 0 0 1 
768.636 0 562 0 768.636 374.5 0 0 1 
768.825 0 562 0 768.825 374.5 0 0 1 
