-0.521579 0.664977 -3.50479 
-1.38596 0.599717 -3.30423 
-0.716493 0.64695 -3.43598 
-0.926754 0.630913 -3.38076 
-1.15021 0.615476 -3.33734 
-0.339689 0.686623 -3.58887 
-0.176065 0.710926 -3.68929 
-0.0291748 0.736555 -3.80821 
0.101309 0.76717 -3.94687 
0.213519 0.80132 -4.10928 
0.305561 0.840015 -4.29175 
0.380056 0.883916 -4.4942 
0.451634 0.931844 -4.71067 
0.521887 0.976793 -4.94278 
0.597564 1.01994 -5.17879 
0.684039 1.0684 -5.40695 
0.788568 1.1149 -5.62198 
0.910903 1.16089 -5.82135 
1.05592 1.20114 -6.00357 
1.22138 1.23858 -6.16727 
1.40706 1.27227 -6.31281 
1.61419 1.30415 -6.43559 
1.84198 1.33299 -6.53581 
2.08385 1.35963 -6.61814 
2.34372 1.38306 -6.66882 
2.60432 1.40976 -6.7024 
2.87173 1.43 -6.70889 
3.13826 1.44817 -6.71257 
3.3935 1.46747 -6.72309 
3.64014 1.48503 -6.7355 
3.87879 1.50166 -6.75257 
4.10523 1.51805 -6.771 
4.31681 1.53732 -6.79892 
4.51529 1.55948 -6.83097 
4.71514 1.57884 -6.86028 
4.90056 1.5896 -6.90878 
5.00662 1.61239 -7.02377 
5.14591 1.64175 -7.12538 
5.30868 1.66335 -7.20293 
5.45138 1.68775 -7.30373 
5.57914 1.71828 -7.4188 
5.69767 1.74833 -7.5543 
5.8069 1.78762 -7.70592 
5.64932 1.85623 -8.05528 
4.99395 2.06229 -9.16433 
4.62167 2.17176 -9.74033 
4.48112 2.21542 -9.9621 
4.33589 2.25438 -10.1801 
4.18691 2.29099 -10.3782 
4.03509 2.32393 -10.5586 
3.88172 2.34959 -10.7128 
3.39996 2.41924 -11.1013 
3.06745 2.46358 -11.3216 
2.90279 2.48378 -11.4256 
3.23486 2.44161 -11.2167 
2.76154 2.50079 -11.5246 
3.56375 2.40114 -10.984 
3.72127 2.37986 -10.8568 
2.64003 2.5151 -11.6233 
2.52481 2.52999 -11.7073 
2.413 2.54857 -11.8079 
2.30542 2.57038 -11.8961 
2.20349 2.58543 -11.9945 
1.98683 2.62558 -12.2017 
2.17053 2.60711 -12.0729 
1.92986 2.6355 -12.2909 
1.85678 2.65441 -12.3991 
1.8835 2.67407 -12.4921 
4.80008 2.11905 -9.46439 
5.19289 1.9994 -8.83487 
5.40281 1.92718 -8.46585 
1.26704 2.71085 -12.7841 
1.21713 2.73107 -12.9175 
1.61418 2.68996 -12.6328 
1.01301 2.73888 -13.0761 
0.891254 2.7527 -13.2028 
0.909904 2.77276 -13.3262 
-1.63368 0.584627 -3.28005 
0.740682 2.77404 -13.4521 
0.203751 2.77222 -13.5852 
-0.143023 2.79041 -13.6287 
-0.302721 2.79221 -13.655 
-0.510232 2.80575 -13.6823 
-0.899754 2.803 -13.6726 
-0.699575 2.80075 -13.6794 
-1.13174 2.78798 -13.6506 
-1.28569 2.78616 -13.6353 
-1.64085 2.77718 -13.6304 
-1.82738 2.77329 -13.629 
-1.74182 2.76369 -13.583 
-1.73575 2.75998 -13.5937 
-1.67006 2.77301 -13.6127 
-1.67377 2.76642 -13.6102 
-1.64798 2.76725 -13.6127 
-1.66001 2.74921 -13.599 
-1.69972 2.75795 -13.6169 
-1.67166 2.76196 -13.6131 
-1.62605 2.77116 -13.6066 
-1.88947 0.570422 -3.26027 
-2.15398 0.557016 -3.24784 
-2.42337 0.541534 -3.23443 
-2.69751 0.528935 -3.22685 
-2.97653 0.514754 -3.22224 
-3.25296 0.49274 -3.22558 
-3.49064 0.468854 -3.22324 
