0 1
0 2
0 3
0 4
0 5
0 6
0 7
0 8
0 9
0 10
1 2
1 3
1 4
1 5
1 6
1 7
1 8
1 9
1 10
1 11
2 3
2 4
2 5
2 6
2 7
2 8
2 9
2 10
2 11
2 12
3 4
3 5
3 6
3 7
3 8
3 9
3 10
3 11
3 12
3 13
4 5
4 6
4 7
4 8
4 9
4 10
4 11
4 12
4 13
4 14
5 6
5 7
5 8
5 9
5 10
5 11
5 12
5 13
5 14
5 15
6 7
6 8
6 9
6 10
6 11
6 12
6 13
6 14
6 15
6 16
7 8
7 9
7 10
7 11
7 12
7 13
7 14
7 15
7 16
7 17
8 9
8 10
8 11
8 12
8 13
8 14
8 15
8 16
8 17
8 18
9 10
9 11
9 12
9 13
9 14
9 15
9 16
9 17
9 18
9 19
10 11
10 12
10 13
10 14
10 15
10 16
10 17
10 18
10 19
10 20
11 12
11 13
11 14
11 15
11 16
11 17
11 18
11 19
11 20
11 21
12 13
12 14
12 15
12 16
12 17
12 18
12 19
12 20
12 21
12 22
13 14
13 15
13 16
13 17
13 18
13 19
13 20
13 21
13 22
13 23
14 15
14 16
14 17
14 18
14 19
14 20
14 21
14 22
14 23
14 24
15 16
15 17
15 18
15 19
15 20
15 21
15 22
15 23
15 24
15 25
16 17
16 18
16 19
16 20
16 21
16 22
16 23
16 24
16 25
16 26
17 18
17 19
17 20
17 21
17 22
17 23
17 24
17 25
17 26
17 27
18 19
18 20
18 21
18 22
18 23
18 24
18 25
18 26
18 27
18 28
19 20
19 21
19 22
19 23
19 24
19 25
19 26
19 27
19 28
19 29
20 21
20 22
20 23
20 24
20 25
20 26
20 27
20 28
20 29
20 30
21 22
21 23
21 24
21 25
21 26
21 27
21 28
21 29
21 30
21 31
22 23
22 24
22 25
22 26
22 27
22 28
22 29
22 30
22 31
22 32
23 24
23 25
23 26
23 27
23 28
23 29
23 30
23 31
23 32
23 33
24 25
24 26
24 27
24 28
24 29
24 30
24 31
24 32
24 33
24 34
25 26
25 27
25 28
25 29
25 30
25 31
25 32
25 33
25 34
25 35
26 27
26 28
26 29
26 30
26 31
26 32
26 33
26 34
26 35
26 36
27 28
27 29
27 30
27 31
27 32
27 33
27 34
27 35
27 36
27 37
28 29
28 30
28 31
28 32
28 33
28 34
28 35
28 36
28 37
28 38
29 30
29 31
29 32
29 33
29 34
29 35
29 36
29 37
29 38
29 39
30 31
30 32
30 33
30 34
30 35
30 36
30 37
30 38
30 39
30 40
31 32
31 33
31 34
31 35
31 36
31 37
31 38
31 39
31 40
31 41
32 33
32 34
32 35
32 36
32 37
32 38
32 39
32 40
32 41
32 42
33 34
33 35
33 36
33 37
33 38
33 39
33 40
33 41
33 42
33 43
34 35
34 36
34 37
34 38
34 39
34 40
34 41
34 42
34 43
34 44
35 36
35 37
35 38
35 39
35 40
35 41
35 42
35 43
35 44
35 45
36 37
36 38
36 39
36 40
36 41
36 42
36 43
36 44
36 45
36 46
37 38
37 39
37 40
37 41
37 42
37 43
37 44
37 45
37 46
37 47
38 39
38 40
38 41
38 42
38 43
38 44
38 45
38 46
38 47
38 48
39 40
39 41
39 42
39 43
39 44
39 45
39 46
39 47
39 48
39 49
40 41
40 42
40 43
40 44
40 45
40 46
40 47
40 48
40 49
40 50
41 42
41 43
41 44
41 45
41 46
41 47
41 48
41 49
41 50
41 51
51 50
51 49
51 48
51 47
51 46
51 45
51 44
51 43
51 42
51 41
50 49
50 48
50 47
50 46
50 45
50 44
50 43
50 42
50 41
50 40
49 48
49 47
49 46
49 45
49 44
49 43
49 42
49 41
49 40
49 39
48 47
48 46
48 45
48 44
48 43
48 42
48 41
48 40
48 39
48 38
47 46
47 45
47 44
47 43
47 42
47 41
47 40
47 39
47 38
47 37
46 45
46 44
46 43
46 42
46 41
46 40
46 39
46 38
46 37
46 36
45 44
45 43
45 42
45 41
45 40
45 39
45 38
45 37
45 36
45 35
44 43
44 42
44 41
44 40
44 39
44 38
44 37
44 36
44 35
44 34
43 42
43 41
43 40
43 39
43 38
43 37
43 36
43 35
43 34
43 33
42 41
42 40
42 39
42 38
42 37
42 36
42 35
42 34
42 33
42 32
41 40
41 39
41 38
41 37
41 36
41 35
41 34
41 33
41 32
41 31
40 39
40 38
40 37
40 36
40 35
40 34
40 33
40 32
40 31
40 30
39 38
39 37
39 36
39 35
39 34
39 33
39 32
39 31
39 30
39 29
38 37
38 36
38 35
38 34
38 33
38 32
38 31
38 30
38 29
38 28
37 36
37 35
37 34
37 33
37 32
37 31
37 30
37 29
37 28
37 27
36 35
36 34
36 33
36 32
36 31
36 30
36 29
36 28
36 27
36 26
35 34
35 33
35 32
35 31
35 30
35 29
35 28
35 27
35 26
35 25
34 33
34 32
34 31
34 30
34 29
34 28
34 27
34 26
34 25
34 24
33 32
33 31
33 30
33 29
33 28
33 27
33 26
33 25
33 24
33 23
32 31
32 30
32 29
32 28
32 27
32 26
32 25
32 24
32 23
32 22
31 30
31 29
31 28
31 27
31 26
31 25
31 24
31 23
31 22
31 21
30 29
30 28
30 27
30 26
30 25
30 24
30 23
30 22
30 21
30 20
29 28
29 27
29 26
29 25
29 24
29 23
29 22
29 21
29 20
29 19
28 27
28 26
28 25
28 24
28 23
28 22
28 21
28 20
28 19
28 18
27 26
27 25
27 24
27 23
27 22
27 21
27 20
27 19
27 18
27 17
26 25
26 24
26 23
26 22
26 21
26 20
26 19
26 18
26 17
26 16
25 24
25 23
25 22
25 21
25 20
25 19
25 18
25 17
25 16
25 15
24 23
24 22
24 21
24 20
24 19
24 18
24 17
24 16
24 15
24 14
23 22
23 21
23 20
23 19
23 18
23 17
23 16
23 15
23 14
23 13
22 21
22 20
22 19
22 18
22 17
22 16
22 15
22 14
22 13
22 12
21 20
21 19
21 18
21 17
21 16
21 15
21 14
21 13
21 12
21 11
20 19
20 18
20 17
20 16
20 15
20 14
20 13
20 12
20 11
20 10
19 18
19 17
19 16
19 15
19 14
19 13
19 12
19 11
19 10
19 9
18 17
18 16
18 15
18 14
18 13
18 12
18 11
18 10
18 9
18 8
17 16
17 15
17 14
17 13
17 12
17 11
17 10
17 9
17 8
17 7
16 15
16 14
16 13
16 12
16 11
16 10
16 9
16 8
16 7
16 6
15 14
15 13
15 12
15 11
15 10
15 9
15 8
15 7
15 6
15 5
14 13
14 12
14 11
14 10
14 9
14 8
14 7
14 6
14 5
14 4
13 12
13 11
13 10
13 9
13 8
13 7
13 6
13 5
13 4
13 3
12 11
12 10
12 9
12 8
12 7
12 6
12 5
12 4
12 3
12 2
11 10
11 9
11 8
11 7
11 6
11 5
11 4
11 3
11 2
11 1
10 9
10 8
10 7
10 6
10 5
10 4
10 3
10 2
10 1
10 0
