# Camera parameter file. 

# The format of each camera is as follows:
# Filename (of the undistorted image in visualize folder)
# Original filename
# Focal Length (of the undistorted image)
# 2-vec Principal Point (image center)
# 3-vec Translation T (as in P = K[R T])
# 3-vec Camera Position C (as in P = K[R -RC])
# 3-vec Axis Angle format of R
# 4-vec Quaternion format of R
# 3x3 Matrix format of R
# [Normalized radial distortion] = [radial distortion] * [focal length]^2
# 3-vec Lat/Lng/Alt from EXIF

# The nubmer of cameras in this reconstruction
128

00000000.jpg
E:\zhaochen\VisualSFM_windows_64bit\south-building\223.JPG
892.338745117
538 403.5
0.336817651987 -0.483048260212 -2.16671538353
0.0230992734432 0.0124916136265 2.24516415596
-0.216257635795 -0.155398867995 0.0600503777563
0.990699703878 -0.107793399591 -0.0774584084031 0.0299320499887
0.986209392548 -0.0426083169878 -0.159928977489
0.0760063752532 0.974971234798 0.208944872022
0.147023111582 -0.218218684196 0.964762985706
0.0250601249508
0 0 0

00000001.jpg
E:\zhaochen\VisualSFM_windows_64bit\south-building\224.JPG
890.933227539
538 403.5
-0.312409847975 -0.805196285248 -2.67157483101
0.902117848396 0.0222200155258 2.65875315666
-0.291445151871 -0.219438256232 -0.00407829347708
0.983407870023 -0.144915731595 -0.109111629538 -0.00202785628477
0.976182460785 0.0356123894453 -0.214014708996
0.0276355501264 0.957991838455 0.285464942455
0.2151902318 -0.284580141306 0.934189856052
0.0199840133254
0 0 0

00000002.jpg
E:\zhaochen\VisualSFM_windows_64bit\south-building\222.JPG
891.790893555
538 403.5
1.21473050117 -0.464284032583 -1.88097751141
-0.678488135338 0.0134289860725 2.18373394012
-0.244683976549 -0.254679572059 0.0541256295553
0.984085297719 -0.121692284957 -0.126663541654 0.0269190963308
0.96646541357 -0.0221534166485 -0.25584718585
0.0838093310595 0.968934237957 0.232691854239
0.242743730545 -0.246330499649 0.938295841217
0.0263010828441
0 0 0

00000003.jpg
E:\zhaochen\VisualSFM_windows_64bit\south-building\327.JPG
892.621459961
538 403.5
0.789113819599 -0.722963750362 -2.73842406273
0.103781402111 -0.0118373036385 2.93827414513
-0.255839532984 -0.309872010116 0.00371750518599
0.979882342297 -0.127060795106 -0.15389562171 0.0018462712124
0.952626109123 0.0354899168015 -0.302068203688
0.042726431042 0.967706859112 0.248441159725
0.301130205393 -0.249577358365 0.920344650745
0.0210254850462
0 0 0

00000004.jpg
E:\zhaochen\VisualSFM_windows_64bit\south-building\326.JPG
892.59197998
538 403.5
1.72368645668 -0.730384767056 -2.65744256973
-0.635180830956 -0.00305926799774 3.18796348572
-0.262345471368 -0.361361463921 0.0386919801773
0.97499216853 -0.130077453204 -0.179172061435 0.0191844525261
0.935059964657 0.00920308753848 -0.354373723269
0.0840218514204 0.965423703194 0.246774286032
0.344391703606 -0.260523706675 0.901955246925
0.0225068073713
0 0 0

00000005.jpg
E:\zhaochen\VisualSFM_windows_64bit\south-building\221.JPG
894.987365723
538 403.5
2.35209822655 -0.670523762703 -2.68152666092
-1.26073026657 0.00632482767105 3.40339493752
-0.265483236807 -0.343337851608 0.0854667061994
0.975641564052 -0.131662065217 -0.170272786913 0.0423858138119
0.93842202425 -0.0378697887063 -0.343411535025
0.127543658018 0.961738109589 0.242475658655
0.321089297533 -0.271344274282 0.907345712185
0.026180098145
0 0 0

00000006.jpg
E:\zhaochen\VisualSFM_windows_64bit\south-building\325.JPG
892.985412598
538 403.5
2.84140276909 -0.629783630371 -2.40472555161
-1.31913876534 -0.018495798111 3.53729295731
-0.254903693115 -0.492775838655 0.060547783085
0.961318467769 -0.125804225017 -0.243202763096 0.0298825287088
0.879919588566 0.0037386843469 -0.475109428167
0.118645191193 0.966561853886 0.22734092176
0.460071802139 -0.256410777569 0.850051343441
0.0231898884612
0 0 0

00000007.jpg
E:\zhaochen\VisualSFM_windows_64bit\south-building\220.JPG
894.146606445
538 403.5
2.75739264488 -0.895847260952 -2.85501265526
-1.51792645454 0.00999647378922 3.77527165413
-0.302724072741 -0.358292375012 0.0628334481076
0.972135327729 -0.149953522747 -0.177479125859 0.0311243727821
0.935065865517 -0.0072869444266 -0.354401886463
0.113741464913 0.953091740608 0.280502468348
0.335733026266 -0.302597999573 0.892030775547
0.0266702835247
0 0 0

00000008.jpg
E:\zhaochen\VisualSFM_windows_64bit\south-building\324.JPG
892.486694336
538 403.5
3.37725996971 -0.627258360386 -2.57190442085
-1.68326699734 -0.0199202895164 3.9471848011
-0.257396619446 -0.498017294008 0.0826902299934
0.960129126468 -0.126983281574 -0.245690368467 0.0407941517697
0.87594473362 -0.015938160941 -0.482149213552
0.140732452273 0.964423239231 0.223795175552
0.461428701878 -0.263886213303 0.847023785114
0.0218296587197
0 0 0

00000009.jpg
E:\zhaochen\VisualSFM_windows_64bit\south-building\219.JPG
895.235412598
538 403.5
3.44938611984 -0.80922049284 -3.01253795624
-1.7934525013 0.0122584104538 4.29091119766
-0.288867592783 -0.430956792967 0.105517652527
0.965166763723 -0.142752837127 -0.212970601107 0.0521448048917
0.903849959373 -0.0398524664342 -0.425992041826
0.161461263895 0.953806042671 0.253349810839
0.396216541529 -0.29777136445 0.868531525135
0.0238233751426
0 0 0

00000010.jpg
E:\zhaochen\VisualSFM_windows_64bit\south-building\218.JPG
895.761169434
538 403.5
4.22142648697 -0.802653312683 -2.80228662491
-2.01062226295 0.00805658102036 4.71962451935
-0.315220801744 -0.552480776124 0.134505536167
0.947627495929 -0.154849188526 -0.271400870074 0.0660745515919
0.843952059746 -0.0411755926907 -0.534836888313
0.209280654788 0.943312525749 0.257613480091
0.493910819292 -0.329343914986 0.80472689867
0.0220107687818
0 0 0

00000011.jpg
E:\zhaochen\VisualSFM_windows_64bit\south-building\323.JPG
892.785400391
538 403.5
4.34708547592 -0.412774175406 -2.25471878052
-2.0791387558 -0.00272464752197 4.45291996002
-0.186437964654 -0.645983692002 0.0702512682188
0.943418410134 -0.0914541000288 -0.316876754662 0.0344606127983
0.796804010868 -0.00706222839653 -0.60419768095
0.122980877757 0.980897724628 0.150719389319
0.591591775417 -0.194398537278 0.782451450825
0.0204180587143
0 0 0

00000012.jpg
E:\zhaochen\VisualSFM_windows_64bit\south-building\217.JPG
896.006347656
538 403.5
5.03771209717 -0.547689020634 -2.29588794708
-2.35540246964 0.00374323129654 5.04000711441
-0.291797370317 -0.684590283696 0.149523603258
0.928839673607 -0.142421250292 -0.3341366786 0.0729798849835
0.766053259373 -0.0403967238963 -0.641506671906
0.230749726295 0.948782026768 0.215802624822
0.599930942059 -0.313343405724 0.736137270927
0.0213332264898
0 0 0

00000013.jpg
E:\zhaochen\VisualSFM_windows_64bit\south-building\322.JPG
894.203857422
538 403.5
5.19990158081 -0.461341798306 -1.67721450329
-2.6591296196 -0.0224353075027 4.79514408112
-0.263845508347 -0.737096728424 0.100637560838
0.923124186297 -0.128524547477 -0.359054903232 0.0490226157228
0.737352848053 0.0017869026633 -0.675505816936
0.18280275166 0.962157726288 0.202084690332
0.650303244591 -0.272491782904 0.709122478962
0.0216294683615
0 0 0

00000014.jpg
E:\zhaochen\VisualSFM_windows_64bit\south-building\216.JPG
896.46295166
538 403.5
5.79085254669 -0.520168185234 -1.62644720078
-2.71552062035 0.00400283932686 5.39219808578
-0.288520544851 -0.811076915938 0.124449390897
0.906909152084 -0.13975542046 -0.392874606106 0.0602815891663
0.684031128883 0.000472765794257 -0.729452490807
0.219152465463 0.953670024872 0.20612475276
0.69575381279 -0.300857126713 0.652235686779
0.0210851470846
0 0 0

00000015.jpg
E:\zhaochen\VisualSFM_windows_64bit\south-building\215.JPG
896.821594238
538 403.5
6.36560487747 -0.279879778624 -1.30774533749
-3.00820565224 -9.95099544525e-005 5.76716423035
-0.26381485182 -0.874772718931 0.143699085163
0.894958002834 -0.1272556403 -0.421961696609 0.0693157302054
0.634287774563 -0.0166752822697 -0.772917747498
0.231463387609 0.958003044128 0.169279828668
0.737634241581 -0.286273986101 0.611508488655
0.0208525280885
0 0 0

00000016.jpg
E:\zhaochen\VisualSFM_windows_64bit\south-building\321.JPG
894.892211914
538 403.5
6.26292705536 -0.230942323804 -0.760479271412
-3.19418525696 -0.0280155539513 5.44540214539
-0.272869341777 -0.908134212205 0.128539520032
0.887706408206 -0.131288467423 -0.436940068674 0.0618455575787
0.610518157482 0.00492877000943 -0.791988313198
0.224531561136 0.957878053188 0.179045632482
0.759509682655 -0.287136822939 0.583694458008
0.0208913127289
0 0 0

00000017.jpg
E:\zhaochen\VisualSFM_windows_64bit\south-building\214.JPG
896.157897949
538 403.5
6.85923433304 -0.428224086761 -1.20616400242
-3.25599098206 -0.00167420506477 6.17137241364
-0.285010172115 -0.895033329775 0.129337554758
0.88970868339 -0.137226493136 -0.430940005309 0.0622733530472
0.620825588703 0.00746250431985 -0.783913433552
0.229083076119 0.954581975937 0.190511271358
0.749730825424 -0.297855138779 0.590918600559
0.0195584896718
0 0 0

00000018.jpg
E:\zhaochen\VisualSFM_windows_64bit\south-building\320.JPG
894.653930664
538 403.5
7.3534154892 0.0978752151132 0.243597283959
-3.72021460533 -0.0282612740993 6.34830379486
-0.296605278212 -1.06661704117 0.17474219716
0.847044042488 -0.140661332049 -0.505829750237 0.0828692947267
0.47453892231 0.00191377196461 -0.880233585835
0.282689541578 0.946695327759 0.154457435012
0.833606719971 -0.322127938271 0.44870018959
0.0209145709439
0 0 0

00000019.jpg
E:\zhaochen\VisualSFM_windows_64bit\south-building\213.JPG
897.13861084
538 403.5
7.47431516647 -0.00639897352085 0.223785698414
-3.55179691315 -0.00224320963025 6.58028936386
-0.243311824666 -1.098890503 0.138872509871
0.8435053824 -0.115240945576 -0.520472775316 0.06577485239
0.449562758207 0.00899691600353 -0.893203139305
0.230922684073 0.964788198471 0.125944808125
0.862883210182 -0.262880623341 0.431654363871
0.0202484539549
0 0 0

00000020.jpg
E:\zhaochen\VisualSFM_windows_64bit\south-building\212.JPG
896.033935547
538 403.5
7.93647670746 -0.0858196690679 -0.114486202598
-3.76932787895 -0.00689271464944 6.98571920395
-0.286808911879 -1.0509792976 0.159758536818
0.852246731412 -0.136269495523 -0.499344381425 0.0759049468687
0.489787191153 0.00671153329313 -0.871816396713
0.265470504761 0.951339304447 0.156465291977
0.830442070961 -0.308075636625 0.464171469212
0.0199710400479
0 0 0

00000021.jpg
E:\zhaochen\VisualSFM_windows_64bit\south-building\211.JPG
896.016784668
538 403.5
8.42399120331 -0.000243673872319 0.06619220227
-3.99125337601 -0.00944951921701 7.41875362396
-0.276911652405 -1.07643359805 0.16259904206
0.846374778008 -0.131290321035 -0.510362461937 0.0770920264516
0.46717441082 0.00351391592994 -0.884158909321
0.264508903027 0.953640222549 0.143552049994
0.84367275238 -0.300931215286 0.44458642602
0.0205082402043
0 0 0

00000022.jpg
E:\zhaochen\VisualSFM_windows_64bit\south-building\319.JPG
893.963012695
538 403.5
8.31130027771 0.0920411646366 0.647651612759
-4.1741900444 -0.0313275456429 7.21669864655
-0.270623951656 -1.11788677557 0.150994230295
0.836449969599 -0.127851486691 -0.528125782419 0.0713345463582
0.43198877573 0.0157077983022 -0.901741683483
0.254378914833 0.957131326199 0.138535648584
0.865261495113 -0.28922984004 0.409474104643
0.0207022433898
0 0 0

00000023.jpg
E:\zhaochen\VisualSFM_windows_64bit\south-building\210.JPG
896.060668945
538 403.5
8.86769962311 0.075453132391 0.793346643448
-4.24656820297 -0.0108065158129 7.82546281815
-0.291226374916 -1.15420348669 0.164804042994
0.82484676065 -0.137007998729 -0.542997212674 0.0775323736373
0.398286223412 0.0208854358643 -0.917024433613
0.276694744825 0.950436353683 0.141821578145
0.87453353405 -0.310220837593 0.372766137123
0.0202269084513
0 0 0

00000024.jpg
E:\zhaochen\VisualSFM_windows_64bit\south-building\209.JPG
896.025512695
538 403.5
9.29178333282 0.145758524537 0.979660391808
-4.46930980682 -0.0116665959358 8.20630931854
-0.293992374385 -1.16922116464 0.171408784196
0.820295161109 -0.138080609088 -0.549152919054 0.0805062695059
0.383900880814 0.0195768307894 -0.923167645931
0.283732444048 0.94890576601 0.138113200665
0.878702282906 -0.314954221249 0.358729958534
0.0210038112935
0 0 0

00000025.jpg
E:\zhaochen\VisualSFM_windows_64bit\south-building\318.JPG
893.951965332
538 403.5
9.41716194153 0.0773438438773 0.283034473658
-4.57867383957 -0.0352094694972 8.23429870605
-0.272772926899 -1.08655737963 0.160330951097
0.844136639594 -0.129224080157 -0.514748217563 0.0759555572896
0.458530455828 0.00480203423649 -0.888666689396
0.261269509792 0.955065011978 0.139969825745
0.849404633045 -0.296361297369 0.436671197414
0.0216898104102
0 0 0

00000026.jpg
E:\zhaochen\VisualSFM_windows_64bit\south-building\208.JPG
896.374511719
538 403.5
9.69550132751 0.0839769020677 1.41700971127
-4.62955284119 -0.0133493542671 8.63625335693
-0.274299303206 -1.21611981294 0.146766389531
0.809415947493 -0.128320766365 -0.568916597909 0.0686592177278
0.343240469694 0.0348600149155 -0.938600897789
0.257155478001 0.957640588284 0.129607096314
0.903359770775 -0.285852402449 0.319735646248
0.0213856370908
0 0 0

00000027.jpg
E:\zhaochen\VisualSFM_windows_64bit\south-building\207.JPG
896.591796875
538 403.5
10.0724306107 0.342808693647 1.75784277916
-4.76136302948 -0.0139649510384 9.05487346649
-0.271589121823 -1.25466592471 0.171559008696
0.797553189912 -0.126500798216 -0.584398373195 0.079908765843
0.304186671972 0.020390721038 -0.952394783497
0.275316685438 0.955225169659 0.108385242522
0.911960363388 -0.295179218054 0.284952521324
0.0205801315552
0 0 0

00000028.jpg
E:\zhaochen\VisualSFM_windows_64bit\south-building\206.JPG
897.057861328
538 403.5
10.4270877838 0.317456841469 2.00136780739
-4.88563871384 -0.0115433335304 9.43191337585
-0.257322674589 -1.27782625485 0.158908838829
0.792094237012 -0.119614735468 -0.593989043879 0.0738677178386
0.283442348242 0.0250793918967 -0.958662092686
0.259120166302 0.960471570492 0.101739197969
0.923319101334 -0.277245372534 0.265739202499
0.0208711843147
0 0 0

00000029.jpg
E:\zhaochen\VisualSFM_windows_64bit\south-building\317.JPG
895.22265625
538 403.5
10.3191318512 0.0848436430097 0.172406986356
-4.89987945557 -0.0375223867595 9.08356952667
-0.267955375435 -1.08614489796 0.162437398008
0.844470608252 -0.126957044932 -0.51461459353 0.0769627106905
0.45849648118 0.00068256695522 -0.888696312904
0.260653555393 0.955918669701 0.135210931301
0.849611282349 -0.293635040522 0.438107281923
0.0212442986738
0 0 0

00000030.jpg
E:\zhaochen\VisualSFM_windows_64bit\south-building\205.JPG
897.05090332
538 403.5
10.9211683273 0.173498675227 1.88164055347
-5.04685974121 -0.00944602489471 9.86771774292
-0.257367968919 -1.26236662588 0.14630217091
0.79710701295 -0.119857172102 -0.587888596119 0.068133437705
0.299490332603 0.0323061309755 -0.95355284214
0.24954469502 0.961985051632 0.110968247056
0.920887649059 -0.271187722683 0.280042976141
0.0196168158551
0 0 0

00000031.jpg
E:\zhaochen\VisualSFM_windows_64bit\south-building\316.JPG
895.58984375
538 403.5
11.1568117142 0.154884651303 1.47115254402
-5.20300006866 -0.0369646549225 9.97949028015
-0.266247823636 -1.21489229702 0.150947748195
0.81012849236 -0.124586659949 -0.568490556718 0.0706337258184
0.343659698963 0.0272076819092 -0.938700199127
0.256097257137 0.958979010582 0.121553234756
0.903501391411 -0.282171577215 0.322593986988
0.0215503576501
0 0 0

00000032.jpg
E:\zhaochen\VisualSFM_windows_64bit\south-building\204.JPG
897.008605957
538 403.5
11.2230176926 0.680467188358 2.73011112213
-5.24342155457 -0.0109500288963 10.3140287399
-0.244750950522 -1.33789165464 0.180866959031
0.773764719284 -0.112999674857 -0.617694524355 0.0835049159945
0.222961679101 0.0103721544147 -0.974772334099
0.268824785948 0.960516035557 0.0717092975974
0.937028586864 -0.278031349182 0.211369648576
0.0206810737884
0 0 0

00000033.jpg
E:\zhaochen\VisualSFM_windows_64bit\south-building\203.JPG
897.165466309
538 403.5
11.3633346558 0.796954452991 3.95704817772
-5.39755296707 -0.00853019952774 10.7835693359
-0.215963106418 -1.44184854497 0.164523387053
0.742773855883 -0.09855365769 -0.657980199945 0.0750794051751
0.122851781547 0.0181583873928 -0.992259860039
0.24122646451 0.969300508499 0.0476048029959
0.962662100792 -0.245207518339 0.114699713886
0.0206787921213
0 0 0

00000034.jpg
E:\zhaochen\VisualSFM_windows_64bit\south-building\315.JPG
896.470092773
538 403.5
11.8842782974 0.309412330389 1.77925908566
-5.37885284424 -0.0307948291302 10.7501039505
-0.241561514792 -1.25132928435 0.153248410459
0.801015926492 -0.112657970595 -0.583587240057 0.0714710492443
0.308636218309 0.0169926155359 -0.951028943062
0.245990410447 0.964401006699 0.0970626175404
0.918821752071 -0.263900697231 0.29346883297
0.0200103334335
0 0 0

00000035.jpg
E:\zhaochen\VisualSFM_windows_64bit\south-building\202.JPG
896.659729004
538 403.5
11.5645847321 0.731429457664 4.65798473358
-5.44612026215 -0.00428819656372 11.238822937
-0.284559929782 -1.49866764476 0.178074316571
0.719370232939 -0.128703409413 -0.677831329259 0.0805411067156
0.0681161507964 0.0586005412042 -0.995954394341
0.290356040001 0.953897416592 0.0759843960404
0.954492330551 -0.294357210398 0.0479605607688
0.0215250192089
0 0 0

00000036.jpg
E:\zhaochen\VisualSFM_windows_64bit\south-building\314.JPG
895.794494629
538 403.5
11.8745832443 0.992621302605 4.90026903152
-5.66029214859 -0.0354424715042 11.5742683411
-0.257365210567 -1.50717342535 0.184647361307
0.717876813542 -0.11633679359 -0.681287588569 0.0834661449074
0.0577623285353 0.0386808253825 -0.997581422329
0.278354465961 0.958998858929 0.0533020757139
0.958740830421 -0.280759871006 0.0446272902191
0.0231775730818
0 0 0

00000037.jpg
E:\zhaochen\VisualSFM_windows_64bit\south-building\313.JPG
893.873718262
538 403.5
11.5462150574 1.50243604183 6.96172618866
-5.71226978302 -0.0368143320084 12.3047466278
-0.222376580968 -1.68170278783 0.19526558277
0.657145096943 -0.0981641504213 -0.742357512244 0.0861964868588
-0.117048606277 0.0324587188661 -0.992596030235
0.259033113718 0.965868651867 0.00103906681761
0.958750367165 -0.256993293762 -0.121461331844
0.0212283004085
0 0 0

00000038.jpg
E:\zhaochen\VisualSFM_windows_64bit\south-building\312.JPG
893.104125977
538 403.5
11.343952179 1.78879857063 8.32531833649
-5.91842079163 -0.0365753173828 12.890583992
-0.223374751074 -1.7770210064 0.20388763061
0.620601960179 -0.0971688579919 -0.773010830408 0.0886918871973
-0.210823088884 0.040140170604 -0.976700365543
0.260309606791 0.965384364128 -0.0165132787079
0.942227780819 -0.25772601366 -0.213974103332
0.0211087558247
0 0 0

00000039.jpg
E:\zhaochen\VisualSFM_windows_64bit\south-building\311.JPG
892.735961914
538 403.5
11.3478565216 1.97179746628 9.6390247345
-6.32506465912 -0.0139145851135 13.6222724915
-0.205882368195 -1.84359212778 0.199629287942
0.595522143278 -0.0886465353612 -0.793793349956 0.0859541537616
-0.274990439415 0.0383586548269 -0.96068251133
0.243109062314 0.969507396221 -0.0308778379112
0.930203557014 -0.242041736841 -0.275930464268
0.0216272005201
0 0 0

00000040.jpg
E:\zhaochen\VisualSFM_windows_64bit\south-building\201.JPG
893.303100586
538 403.5
11.4694986343 1.25175750256 6.43333435059
-4.15181064606 -0.00417065620422 12.5406064987
-0.325462867649 -1.75788738331 0.241107910244
0.620063007421 -0.141546620397 -0.764520450346 0.104859918714
-0.190973028541 0.0863914191723 -0.977787256241
0.346470445395 0.937938153744 0.0152009073645
0.918416142464 -0.33587038517 -0.209052592516
0.0142358910351
0 0 0

00000041.jpg
E:\zhaochen\VisualSFM_windows_64bit\south-building\200.JPG
893.440612793
538 403.5
10.6728210449 2.4127805233 8.51307678223
-4.60249710083 -0.00432348251343 13.0774765015
-0.278026336066 -1.91027275468 0.291262442838
0.560237732817 -0.117965637405 -0.810522291919 0.1235816729
-0.344435751438 0.0527572035789 -0.93732714653
0.329697668552 0.941623687744 -0.0681539550424
0.879013538361 -0.332509160042 -0.341722667217
0.0183097502672
0 0 0

00000042.jpg
E:\zhaochen\VisualSFM_windows_64bit\south-building\199.JPG
893.120727539
538 403.5
11.1632966995 3.04428601265 8.71040534973
-4.80237340927 0.0109131336212 13.6636486053
-0.241283522369 -1.90279643362 0.328425309663
0.562844144661 -0.10248789922 -0.808234259888 0.139502356844
-0.345405519009 0.00863203592598 -0.938413977623
0.32270437479 0.940071046352 -0.110131643713
0.881225705147 -0.340870499611 -0.327491402626
0.0181429888081
0 0 0

00000043.jpg
E:\zhaochen\VisualSFM_windows_64bit\south-building\310.JPG
891.364562988
538 403.5
10.8002433777 2.12251591682 11.2317676544
-6.16563034058 -0.00485134124756 14.4667863846
-0.196010584058 -1.97550272844 0.198139587178
0.542376071282 -0.0825413370823 -0.831897100861 0.0834378742007
-0.398030549288 0.0468227900565 -0.916176617146
0.227841615677 0.972450733185 -0.0492863766849
0.888627707958 -0.228360161185 -0.397732973099
0.0195729142917
0 0 0

00000044.jpg
E:\zhaochen\VisualSFM_windows_64bit\south-building\198.JPG
892.774841309
538 403.5
10.5463819504 2.95517802238 10.5107479095
-5.06401157379 0.0152564048767 14.3105077744
-0.189321199573 -2.01873414032 0.283404181379
0.520251119562 -0.0789735820051 -0.842096218153 0.118219425026
-0.446204036474 0.0099992537871 -0.894876003265
0.256014406681 0.959574580193 -0.116932086647
0.857529997826 -0.281276464462 -0.430725634098
0.0185246234924
0 0 0

00000045.jpg
E:\zhaochen\VisualSFM_windows_64bit\south-building\309.JPG
892.173156738
538 403.5
9.93135166168 2.73067069054 12.2877855301
-5.62841510773 0.0115303993225 15.0132961273
-0.166517268407 -2.10559877438 0.237737732285
0.486467272604 -0.0684475713831 -0.865514572707 0.0977230203012
-0.517329692841 0.0234067011625 -0.855466604233
0.213562905788 0.971531510353 -0.102566324174
0.8287114501 -0.235756337643 -0.507600188255
0.0213120425978
0 0 0

00000046.jpg
E:\zhaochen\VisualSFM_windows_64bit\south-building\197.JPG
893.256286621
538 403.5
9.85549926758 3.46807599068 11.6947031021
-5.1764626503 0.0204038619995 14.8029956818
-0.141465643006 -2.10705404393 0.302378965134
0.483045306449 -0.0580624814327 -0.864809177015 0.124106975204
-0.526592075825 -0.0194728001952 -0.849896430969
0.220324367285 0.962452590466 -0.158563405275
0.821071624756 -0.270750641823 -0.50252944231
0.0187728030701
0 0 0

00000047.jpg
E:\zhaochen\VisualSFM_windows_64bit\south-building\196.JPG
894.12689209
538 403.5
10.0275535583 3.22421479225 12.2366523743
-5.03340244293 0.0101931095123 15.3410406113
-0.11619240496 -2.13918668828 0.271933259222
0.471535386152 -0.0474473222721 -0.87353971401 0.111044306134
-0.550807058811 -0.0218289606273 -0.83434689045
0.187616318464 0.970836877823 -0.149256631732
0.81327265501 -0.23874899745 -0.530647337437
0.0234535224303
0 0 0

00000048.jpg
E:\zhaochen\VisualSFM_windows_64bit\south-building\308.JPG
892.673461914
538 403.5
8.99142074585 3.25557541847 13.2596387863
-5.12153625488 -0.0117099285126 15.525220871
-0.182580809558 -2.22901609075 0.275742248176
0.429635270152 -0.0731649207834 -0.893225230513 0.110497153525
-0.620120763779 0.0357585884631 -0.783690929413
0.225652486086 0.964875042439 -0.134529143572
0.75135332346 -0.260266065598 -0.606408417225
0.0207689460312
0 0 0

00000049.jpg
E:\zhaochen\VisualSFM_windows_64bit\south-building\307.JPG
892.975402832
538 403.5
8.61859607697 3.7290585041 13.6601924896
-4.61992883682 -0.025762796402 15.9198760986
-0.154076164771 -2.29664292935 0.308357740275
0.398253529281 -0.0608560929892 -0.907114451347 0.121793317896
-0.675382196903 0.0133980596438 -0.737346947193
0.207416534424 0.962926626205 -0.172489330173
0.707699179649 -0.269433945417 -0.653120934963
0.0214060111922
0 0 0

00000050.jpg
E:\zhaochen\VisualSFM_windows_64bit\south-building\195.JPG
893.478088379
538 403.5
8.40932655334 3.86936163902 13.6436605453
-4.62077331543 -0.00397276878357 15.8267784119
-0.127077037925 -2.30375753227 0.318500728775
0.395145825165 -0.0501195000883 -0.90860770543 0.125617480267
-0.682695448399 -0.0081966901198 -0.730656683445
0.190352201462 0.963416993618 -0.188665136695
0.705473482609 -0.267883181572 -0.656160652637
0.0205074148335
0 0 0

00000051.jpg
E:\zhaochen\VisualSFM_windows_64bit\south-building\194.JPG
894.090270996
538 403.5
8.58326625824 3.76627826691 13.9697761536
-4.24521160126 0.00306034088135 16.2785167694
-0.101095121212 -2.33315089754 0.305240193353
0.383141531938 -0.0396486115208 -0.915041126092 0.119712501471
-0.703261613846 -0.0191737376153 -0.710673630238
0.164293587208 0.968194067478 -0.188701242208
0.691687405109 -0.249465361238 -0.67774271965
0.0231626708155
0 0 0

00000052.jpg
E:\zhaochen\VisualSFM_windows_64bit\south-building\306.JPG
892.62689209
538 403.5
7.46879196167 4.16600131989 14.4604291916
-4.04618692398 -0.0208964347839 16.3055286407
-0.143393701216 -2.41873288963 0.341827828122
0.340369420892 -0.0551015119112 -0.929439982351 0.131353260172
-0.762226104736 0.0130094988272 -0.647181689739
0.191844031215 0.959421098232 -0.206660836935
0.618230104446 -0.281680315733 -0.733789622784
0.0211538786913
0 0 0

00000053.jpg
E:\zhaochen\VisualSFM_windows_64bit\south-building\193.JPG
893.601196289
538 403.5
7.59702014923 4.52144479752 14.498632431
-3.93289375305 0.00014591217041 16.5197086334
-0.109290762384 -2.41939097951 0.365588630011
0.339277607061 -0.0419746597132 -0.929201250527 0.140409472905
-0.766258895397 -0.0172691028565 -0.642301917076
0.173282057047 0.957047343254 -0.23245537281
0.618726789951 -0.289419621229 -0.730351269245
0.0222696854966
0 0 0

00000054.jpg
E:\zhaochen\VisualSFM_windows_64bit\south-building\305.JPG
892.981140137
538 403.5
5.86782836914 4.69100093842 15.1786699295
-3.44875907898 -0.0161623954773 16.5811576843
-0.11535581813 -2.55824113722 0.385344184976
0.272469031648 -0.0428591338886 -0.950485213458 0.143170221361
-0.8478474617 0.00345678743906 -0.530228316784
0.15949459374 0.955331265926 -0.248807579279
0.505682826042 -0.29551872611 -0.810526311398
0.0206875188795
0 0 0

00000055.jpg
E:\zhaochen\VisualSFM_windows_64bit\south-building\192.JPG
894.898681641
538 403.5
7.0213303566 4.68340682983 14.8360242844
-3.3318939209 0.0106935501099 16.7403507233
-0.115572700863 -2.49563727939 0.384502335066
0.302137117969 -0.0435851779083 -0.941163388971 0.145004854562
-0.813627243042 -0.0055816383101 -0.581360280514
0.169663757086 0.954148292542 -0.24660807848
0.556081295013 -0.299282878637 -0.775373697281
0.0201270725866
0 0 0

00000056.jpg
E:\zhaochen\VisualSFM_windows_64bit\south-building\191.JPG
895.881591797
538 403.5
4.43929815292 5.06495046616 15.5764074326
-2.65926098824 0.0244908332825 16.7604656219
-0.0393019622858 -2.68523244206 0.424787596278
0.20977324147 -0.0141334374525 -0.965640455538 0.152758502971
-0.911590576172 -0.0367926619947 -0.409449636936
0.091385923326 0.952929615974 -0.289089381695
0.400812476873 -0.300948649645 -0.865319788456
0.0186046576373
0 0 0

00000057.jpg
E:\zhaochen\VisualSFM_windows_64bit\south-building\190.JPG
895.562561035
538 403.5
2.47236895561 4.94609165192 16.5222015381
-2.1349864006 0.0169425010681 17.2916526794
-0.0293438310557 -2.84584685499 0.417991579749
0.132146624655 -0.0101116799664 -0.980659020851 0.144036989412
-0.964870750904 -0.0182348825037 -0.262094706297
0.0579011254013 0.958302855492 -0.279829740524
0.256268411875 -0.285174638033 -0.923581182957
0.0205171391041
0 0 0

00000058.jpg
E:\zhaochen\VisualSFM_windows_64bit\south-building\189.JPG
894.735961914
538 403.5
1.74464774132 4.62139463425 16.5756435394
-1.46051073074 0.0592308044434 17.2341575623
-0.0712002811009 -2.93189510667 0.406489698825
0.0902604928138 -0.0239492842782 -0.986186968616 0.136728917397
-0.98255944252 0.0225538704544 -0.184576421976
0.0719187483191 0.961462914944 -0.265362530947
0.171478465199 -0.274009227753 -0.946315646172
0.020504314821
0 0 0

00000059.jpg
E:\zhaochen\VisualSFM_windows_64bit\south-building\188.JPG
894.213012695
538 403.5
-0.329236030579 4.98785066605 16.9148483276
-0.899023115635 0.0543260574341 17.6149959564
-0.00148032739866 -3.07588845444 0.449095226174
0.0162605720755 -0.000476068935597 -0.989196676257 0.144427703291
-0.999471008778 -0.00374944717623 -0.0323081426322
0.00564446114004 0.958265304565 -0.285827040672
0.0320314727724 -0.285858005285 -0.957736670971
0.0219994779157
0 0 0

00000060.jpg
E:\zhaochen\VisualSFM_windows_64bit\south-building\187.JPG
894.215026855
538 403.5
-2.02776193619 5.00222349167 16.6561050415
-0.322946190834 0.0691857337952 17.5057430267
-0.00698947714957 3.01052546099 -0.447402266374
0.0489713475671 -0.00229368719996 0.987942812782 -0.146820832181
-0.995192825794 0.0098444474861 0.0974358022213
-0.0189156085253 0.956876575947 -0.289878726006
-0.0960877612233 -0.290328025818 -0.952090978622
0.0215675077679
0 0 0

00000061.jpg
E:\zhaochen\VisualSFM_windows_64bit\south-building\186.JPG
892.853149414
538 403.5
-2.10709571838 4.59071159363 16.361082077
0.136482834816 0.0425190925598 17.1224746704
-0.0557929278431 2.98474087907 -0.416291939104
0.063706553558 -0.0184730831046 0.988250096139 -0.137834594529
-0.991200506687 -0.0189480986446 0.131008207798
-0.0540719665587 0.961322069168 -0.270066380501
-0.120823822916 -0.274773806334 -0.953887462616
0.0212510872829
0 0 0

00000062.jpg
E:\zhaochen\VisualSFM_windows_64bit\south-building\185.JPG
892.711181641
538 403.5
-2.29842185974 4.28479766846 15.9286909103
0.501322388649 0.0115551948547 16.6467494965
-0.0631036782562 2.95056389572 -0.392628780764
0.0821159470502 -0.0211242369638 0.987714387376 -0.131434230664
-0.985622107983 -0.020142307505 0.167766988277
-0.0633136928082 0.964559555054 -0.256158620119
-0.156661421061 -0.263097167015 -0.951965332031
0.0210812214024
0 0 0

00000063.jpg
E:\zhaochen\VisualSFM_windows_64bit\south-building\184.JPG
893.780822754
538 403.5
-6.31696081161 3.89269065857 14.6546506882
1.19798660278 -0.00123357772827 16.3823261261
-0.0958747554365 2.6546531787 -0.348656060444
0.229158946832 -0.0348330224159 0.96448322876 -0.126673015369
-0.892546355724 -0.00913538318127 0.450864911079
-0.125248402357 0.965481460094 -0.228383719921
-0.43321493268 -0.260312914848 -0.862879812717
0.0211406621071
0 0 0

00000064.jpg
E:\zhaochen\VisualSFM_windows_64bit\south-building\328.JPG
891.168457031
538 403.5
-0.448809355497 -0.71837246418 -2.73344779015
0.830847859383 0.00192582607269 2.73841691017
-0.260974133791 -0.139191813461 -0.00436241106675
0.989082727632 -0.130011866103 -0.0693424560952 -0.00217326213621
0.990374445915 0.0223297774792 -0.136605724692
0.013731633313 0.966186285019 0.257486492395
0.137735977769 -0.256883472204 0.956577837467
0.0207683068428
0 0 0

00000065.jpg
E:\zhaochen\VisualSFM_windows_64bit\south-building\183.JPG
894.837524414
538 403.5
-7.02590942383 4.51222467422 13.9684896469
1.53007507324 -0.0052056312561 16.2019023895
-0.122400727638 2.57417869091 -0.406841037166
0.263163125228 -0.0452612299987 0.9518774605 -0.150441309553
-0.857392966747 -0.00698424642906 0.514616429806
-0.165346667171 0.950637757778 -0.262579351664
-0.48737975955 -0.310223698616 -0.816225469112
0.0231709722777
0 0 0

00000066.jpg
E:\zhaochen\VisualSFM_windows_64bit\south-building\141.JPG
891.37890625
538 403.5
-1.46179628372 -0.627412319183 -2.27582144737
1.51922106743 0.0131855607033 2.32414746284
-0.269829037406 -0.0257614054871 -0.00680487590955
0.9908246495 -0.134501636416 -0.0128412836058 -0.00339202538854
0.999648034573 0.0101761668921 -0.0245344322175
-0.00326744257472 0.963796555996 0.266622304916
0.0263594090939 -0.266447842121 0.963489353657
0.0221689610944
0 0 0

00000067.jpg
E:\zhaochen\VisualSFM_windows_64bit\south-building\142.JPG
891.777587891
538 403.5
-1.71924674511 -0.580493271351 -2.40155315399
1.74663317204 0.00680238008499 2.45142149925
-0.261477105046 -0.015698999075 -0.0370062173066
0.991264522213 -0.130357642454 -0.00782662982271 -0.0184491993797
0.999196708202 0.0386165827513 -0.010706548579
-0.0345355644822 0.965333282948 0.258726626635
0.0203264933079 -0.258148998022 0.965891420841
0.0213835356635
0 0 0

00000068.jpg
E:\zhaochen\VisualSFM_windows_64bit\south-building\143.JPG
891.907531738
538 403.5
-1.95171272755 -0.634560465813 -2.52244591713
1.95190453529 0.0034339427948 2.60089445114
-0.270599850877 -0.00428345664391 -0.0338033213529
0.990716474503 -0.134880978969 -0.00213509661454 -0.0168493259021
0.999423623085 0.0339617393911 0.000314790173434
-0.0328098796308 0.963047146797 0.267329603434
0.00877589173615 -0.267185628414 0.963605761528
0.0212852754826
0 0 0

00000069.jpg
E:\zhaochen\VisualSFM_windows_64bit\south-building\329.JPG
893.906860352
538 403.5
-1.87722599506 -0.719481945038 -2.69216799736
1.62235724926 -0.024111866951 2.94224262238
-0.277284010426 0.0868049745004 -0.0244876584086
0.989391344252 -0.13815138916 0.0432488977449 -0.0122005016489
0.99596196413 0.0121922846884 0.0889511629939
-0.0360919982195 0.961530745029 0.27231618762
-0.0822091773152 -0.274426966906 0.958088219166
0.0209997916825
0 0 0

00000070.jpg
E:\zhaochen\VisualSFM_windows_64bit\south-building\225.JPG
893.007080078
538 403.5
-1.29735040665 -0.837651371956 -2.95222473145
1.55544352531 -0.00574231147766 2.946352005
-0.290246531298 -0.0887267149796 -0.0134069690692
0.988485541357 -0.144565831618 -0.0441929530748 -0.00667773573142
0.99600571394 0.0259791463614 -0.0854374542832
-0.000424234516686 0.95811265707 0.286392658949
0.0892989262938 -0.285212278366 0.954296290874
0.0225253900638
0 0 0

00000071.jpg
E:\zhaochen\VisualSFM_windows_64bit\south-building\330.JPG
891.335205078
538 403.5
-2.65231013298 -0.711657941341 -2.50362730026
2.20116686821 -0.0308523774147 2.9938750267
-0.29709106455 0.15841420245 -0.0334672677658
0.985724477834 -0.147838002251 0.0788298337203 -0.0166539307225
0.987017869949 0.00952421035618 0.16033321619
-0.056140538305 0.955733060837 0.288829416037
-0.150484770536 -0.294080734253 0.943860054016
0.0185953965695
0 0 0

00000072.jpg
E:\zhaochen\VisualSFM_windows_64bit\south-building\144.JPG
893.409179688
538 403.5
-2.62407183647 -0.592956781387 -2.58664441109
2.36811590195 -0.00152432918549 2.88445973396
-0.230708592556 0.0913648241239 -0.0159047224053
0.992281736569 -0.115057365007 0.0455648218454 -0.00793189118291
0.995722234249 0.00525621650741 0.0922513827682
-0.0262264665216 0.973398566246 0.227615907788
-0.0886011794209 -0.229061380029 0.969371378422
0.0217538816389
0 0 0

00000073.jpg
E:\zhaochen\VisualSFM_windows_64bit\south-building\145.JPG
894.492736816
538 403.5
-2.97525978088 -0.515044391155 -2.70475125313
2.69336795807 -0.00359493494034 3.02966666222
-0.201829680667 0.0959443552929 -0.02195585736
0.993703854887 -0.100702959809 0.0478714553926 -0.0109548794508
0.995177090168 0.012130221352 0.0973463281989
-0.0314134024084 0.979477763176 0.199088960886
-0.092933870852 -0.201186716557 0.975134551525
0.0229842502227
0 0 0

00000074.jpg
E:\zhaochen\VisualSFM_windows_64bit\south-building\331.JPG
891.8515625
538 403.5
-3.95554828644 -0.682001829147 -2.3415119648
3.07811570168 -0.0351542830467 3.48111438751
-0.312857142324 0.290245080664 -0.0582313789472
0.976900530486 -0.155222233706 0.144003392118 -0.0288911566628
0.956857025623 0.0117424717173 0.290323257446
-0.101152673364 0.950142979622 0.294952571392
-0.272384703159 -0.311594158411 0.910338580608
0.0144828100106
0 0 0

00000075.jpg
E:\zhaochen\VisualSFM_windows_64bit\south-building\147.JPG
892.331665039
538 403.5
-3.98772025108 -0.55939501524 -2.23080658913
3.22476792336 -0.00440156459808 3.28515005112
-0.276348128539 0.267409491312 -0.0569796323684
0.981169370509 -0.137305669034 0.132864439158 -0.0283107636191
0.963091433048 0.0190693028271 0.268499493599
-0.0920413136482 0.96069252491 0.261917293072
-0.252950578928 -0.276963174343 0.926989376545
0.0170483946777
0 0 0

00000076.jpg
E:\zhaochen\VisualSFM_windows_64bit\south-building\148.JPG
893.470397949
538 403.5
-4.5569486618 -0.568767368793 -1.95596587658
3.61690139771 -0.00721770524979 3.43991994858
-0.287510946643 0.337302530705 -0.0512094283825
0.975220880187 -0.142566122149 0.167255940531 -0.0253928753226
0.942761301994 0.00183730514254 0.333463072777
-0.0972173437476 0.958060622215 0.26957270503
-0.318982869387 -0.286561131477 0.903401136398
0.0139597768869
0 0 0

00000077.jpg
E:\zhaochen\VisualSFM_windows_64bit\south-building\332.JPG
891.43572998
538 403.5
-4.79484462738 -0.646394073963 -1.89011359215
3.52094650269 -0.0328769683838 3.81872987747
-0.314670749952 0.429494877575 -0.0565763717061
0.964377997413 -0.15546269995 0.212191420057 -0.0279514873885
0.908386945724 -0.0120641542599 0.417955487967
-0.11988735199 0.950100541115 0.287987500429
-0.400575459003 -0.311711728573 0.861612200737
0.0155784096528
0 0 0

00000078.jpg
E:\zhaochen\VisualSFM_windows_64bit\south-building\149.JPG
891.408081055
538 403.5
-5.09663534164 -0.468576341867 -1.35737252235
3.9256477356 -0.00612688064575 3.5534427166
-0.267379539751 0.461437396029 -0.0428273504922
0.964431558818 -0.132100933616 0.22797672132 -0.0211591843922
0.895157694817 -0.0194186866283 0.445326089859
-0.101045027375 0.964203953743 0.245157107711
-0.434145689011 -0.264452129602 0.861151278019
0.0159577346128
0 0 0

00000079.jpg
E:\zhaochen\VisualSFM_windows_64bit\south-building\146.JPG
894.657226563
538 403.5
-3.61802792549 -0.610290586948 -2.2850060463
2.92937159538 -0.00276505947113 3.1784620285
-0.246353254711 0.247273818301 -0.0202137112061
0.984758582387 -0.122550193697 0.123008134658 -0.0100554556365
0.969535470009 -0.0103449923918 0.244731545448
-0.049953777343 0.96976095438 0.238890871406
-0.239801719785 -0.24383854866 0.93970143795
0.0208255615056
0 0 0

00000080.jpg
E:\zhaochen\VisualSFM_windows_64bit\south-building\150.JPG
890.917663574
538 403.5
-5.59474277496 -0.347925275564 -1.14858710766
4.32573509216 -0.0104560554028 3.74558067322
-0.268530432507 0.500121307669 -0.0622002856491
0.959513850214 -0.132448317344 0.246676792087 -0.0306792905952
0.876418590546 -0.00646963203326 0.481506794691
-0.124218448997 0.963032543659 0.239036157727
-0.465252399445 -0.269307821989 0.843216180801
0.0172380446881
0 0 0

00000081.jpg
E:\zhaochen\VisualSFM_windows_64bit\south-building\333.JPG
889.15435791
538 403.5
-5.96108579636 -0.398799479008 -1.22865235806
4.35219287872 -0.0322031676769 4.27324056625
-0.310521032946 0.558777918411 -0.0849904272348
0.948463987581 -0.152584069234 0.274572732741 -0.041762662936
0.845731854439 -0.00456999382004 0.533589482307
-0.163011521101 0.949948251247 0.266507267952
-0.508099913597 -0.312374711037 0.802655637264
0.0140077364854
0 0 0

00000082.jpg
E:\zhaochen\VisualSFM_windows_64bit\south-building\151.JPG
891.579467773
538 403.5
-6.0873541832 -0.274718880653 -0.766124665737
4.68761444092 -0.0125059038401 3.96792054176
-0.264550455362 0.568077567894 -0.064693559434
0.950798298127 -0.130098638428 0.279364924937 -0.0318145133634
0.841885924339 -0.0121917305514 0.539517402649
-0.133188471198 0.964124798775 0.229619562626
-0.522961378098 -0.265170693398 0.810058891773
0.0189097652977
0 0 0

00000083.jpg
E:\zhaochen\VisualSFM_windows_64bit\south-building\152.JPG
891.722290039
538 403.5
-6.56910943985 -0.152110338211 -0.213887035847
5.03383255005 -0.00509388372302 4.22877550125
-0.283293811224 0.658188830843 -0.0825584666711
0.935666444978 -0.138596124609 0.322006403252 -0.0403901641368
0.789360582829 -0.013674155809 0.613776624203
-0.164841040969 0.958319783211 0.233347758651
-0.59138572216 -0.285371214151 0.754206418991
0.0167797180249
0 0 0

00000084.jpg
E:\zhaochen\VisualSFM_windows_64bit\south-building\334.JPG
889.155212402
538 403.5
-6.56098604202 -0.12270655483 -0.516851365566
4.78738594055 -0.0277621746063 4.5176281929
-0.292181206876 0.670289714065 -0.104318785548
0.932579183553 -0.142792421959 0.32757853494 -0.0509818280355
0.780187189579 0.00153783138376 0.625545561314
-0.188640534878 0.95402276516 0.232929289341
-0.596426129341 -0.29973167181 0.744605779648
0.0140052186678
0 0 0

00000085.jpg
E:\zhaochen\VisualSFM_windows_64bit\south-building\182.JPG
894.007019043
538 403.5
-7.59317541122 3.88405561447 13.5487709045
2.04641962051 -0.0119187831879 15.8783960342
-0.14675881008 2.49977108262 -0.356591854112
0.301369006089 -0.0553250389046 0.942362045065 -0.134427760698
-0.812231481075 -0.0232483893633 0.582872450352
-0.185297831893 0.957735896111 -0.220012694597
-0.553122401237 -0.286705702543 -0.782211303711
0.0231598908283
0 0 0

00000086.jpg
E:\zhaochen\VisualSFM_windows_64bit\south-building\181.JPG
894.572509766
538 403.5
-7.63216352463 4.20121717453 13.0276107788
2.5297203064 -0.0227303504944 15.4666967392
-0.148090959595 2.44650684871 -0.385281563126
0.324284742143 -0.0564624922855 0.932777223194 -0.146895916842
-0.783302903175 -0.0100607359782 0.621558248997
-0.200605154037 0.950467646122 -0.237421706319
-0.588383436203 -0.310661405325 -0.746522367001
0.0241654053471
0 0 0

00000087.jpg
E:\zhaochen\VisualSFM_windows_64bit\south-building\180.JPG
898.322692871
538 403.5
-6.8656334877 3.88146448135 13.3822097778
3.03491067886 -0.0507669448853 15.2339477539
-0.146410227428 2.46807502651 -0.349988115906
0.316714995653 -0.0556145628079 0.937509052395 -0.132944510749
-0.793196558952 -0.0200666561723 0.608633220196
-0.188488736749 0.958465754986 -0.21404530108
-0.579059481621 -0.284501165152 -0.764035642147
0.0201875892113
0 0 0

00000088.jpg
E:\zhaochen\VisualSFM_windows_64bit\south-building\179.JPG
898.632446289
538 403.5
-7.27134037018 4.0202960968 12.8608140945
3.31454706192 -0.0595901012421 14.948097229
-0.147973461187 2.4066370765 -0.363822073881
0.344358837039 -0.0569711707409 0.926577851844 -0.140074911569
-0.756342232227 -0.00910465884954 0.654110848904
-0.202048793435 0.954266488552 -0.220344215631
-0.622190237045 -0.298818320036 -0.723592221737
0.0198562198957
0 0 0

00000089.jpg
E:\zhaochen\VisualSFM_windows_64bit\south-building\178.JPG
899.069335938
538 403.5
-7.24148607254 4.28280925751 12.4608983994
3.48870229721 -0.0610466003418 14.6246585846
-0.173525911957 2.37948958016 -0.394928455243
0.353826101967 -0.0671142503863 0.920310158139 -0.15274564433
-0.740605711937 -0.0154415294528 0.671762704849
-0.231623113155 0.944328784943 -0.233653187752
-0.630756318569 -0.328640282154 -0.702951431274
0.0181705580803
0 0 0

00000090.jpg
E:\zhaochen\VisualSFM_windows_64bit\south-building\177.JPG
900.441223145
538 403.5
-8.66930294037 3.65474915504 11.3104324341
3.6786365509 -0.059045791626 14.2444419861
-0.183635720358 2.23787009253 -0.350742409239
0.420944299877 -0.0732957760242 0.893216334784 -0.139994207117
-0.634867370129 -0.0130788544193 0.772511005402
-0.248797908425 0.950058698654 -0.188383772969
-0.731466293335 -0.311797529459 -0.606414914131
0.0193747730151
0 0 0

00000091.jpg
E:\zhaochen\VisualSFM_windows_64bit\south-building\176.JPG
899.436828613
538 403.5
-8.43708515167 3.88095474243 10.9759225845
3.79396820068 -0.0571949481964 13.867937088
-0.247894878177 2.2241817656 -0.388658007619
0.421474248784 -0.0989680163687 0.887968557494 -0.155165416659
-0.625129520893 -0.0449658185244 0.779225230217
-0.306558728218 0.932257831097 -0.192139148712
-0.717798292637 -0.358989030123 -0.596566140652
0.0170001749044
0 0 0

00000092.jpg
E:\zhaochen\VisualSFM_windows_64bit\south-building\175.JPG
903.071960449
538 403.5
-7.4582529068 4.05606985092 10.8568506241
3.56788182259 -0.0404500961304 13.3122882843
-0.236307565077 2.28081481842 -0.416988500654
0.394462012835 -0.0931705592032 0.899272065208 -0.164408836317
-0.671438276768 -0.0378664210439 0.740093886852
-0.29727858305 0.928577840328 -0.222190499306
-0.67882078886 -0.369199484587 -0.634738445282
0.0141784535767
0 0 0

00000093.jpg
E:\zhaochen\VisualSFM_windows_64bit\south-building\174.JPG
901.182189941
538 403.5
-7.99738836288 3.76943635941 10.7233181
4.33808135986 -0.0269291400909 13.2036657333
-0.230678705712 2.18782173873 -0.37748516139
0.439234361239 -0.0928432390147 0.880551397164 -0.151929693533
-0.596906960011 -0.0300417244434 0.80174857378
-0.296972692013 0.936595320702 -0.186003774405
-0.745325148106 -0.34912353754 -0.56798106432
0.0147106721627
0 0 0

00000094.jpg
E:\zhaochen\VisualSFM_windows_64bit\south-building\172.JPG
901.783081055
538 403.5
-9.15945625305 3.72356748581 10.024971962
5.01381731033 0.186751127243 13.1562690735
-0.253781213059 2.04164265306 -0.389779867735
0.500191830553 -0.104946463362 0.844283047213 -0.161186157617
-0.47758820653 -0.0159617066383 0.87843900919
-0.33845770359 0.926009595394 -0.167185813189
-0.810774922371 -0.377159267664 -0.447653919458
0.0167990434784
0 0 0

00000095.jpg
E:\zhaochen\VisualSFM_windows_64bit\south-building\171.JPG
902.402832031
538 403.5
-9.05161380768 3.51459884644 9.71013832092
5.12198019028 0.162712335587 12.7400894165
-0.259132747648 2.01416567695 -0.375275217846
0.512609078557 -0.107738894265 0.837424003225 -0.156027122712
-0.451247930527 -0.0204848852009 0.892163038254
-0.340408563614 0.928095638752 -0.150866448879
-0.824921548367 -0.371778190136 -0.425775438547
0.0156159497274
0 0 0

00000096.jpg
E:\zhaochen\VisualSFM_windows_64bit\south-building\173.JPG
899.870849609
538 403.5
-7.46499061584 4.23777008057 11.4133682251
4.75877094269 0.155871391296 13.4640045166
-0.246742910291 2.22303664789 -0.419456574458
0.419555948195 -0.0984214668909 0.886730757855 -0.167313951621
-0.628572165966 -0.0341521948576 0.777001440525
-0.314942449331 0.924638271332 -0.214138224721
-0.711131215096 -0.379311472178 -0.591957330704
0.0155822922242
0 0 0

00000097.jpg
E:\zhaochen\VisualSFM_windows_64bit\south-building\170.JPG
905.066589355
538 403.5
-9.60159111023 3.31823563576 8.59175491333
5.19148254395 0.111984968185 12.2497177124
-0.251535904422 1.90771260757 -0.367208839579
0.557459252701 -0.106601183229 0.808490627593 -0.155623495903
-0.355750858784 0.00113544636406 0.934580743313
-0.345879584551 0.92883515358 -0.132788777351
-0.868221580982 -0.370492041111 -0.330041021109
0.016315814649
0 0 0

00000098.jpg
E:\zhaochen\VisualSFM_windows_64bit\south-building\169.JPG
902.219421387
538 403.5
-8.44399738312 2.83323597908 9.22280883789
5.0680513382 -0.0120034217834 11.7772340775
-0.214395950086 1.99982984203 -0.303130986247
0.525918185185 -0.0896513909923 0.836244933795 -0.126756660091
-0.430745691061 -0.016613593325 0.902320742607
-0.283268123865 0.951790928841 -0.117701068521
-0.856864929199 -0.30629825592 -0.414685487747
0.017390543961
0 0 0

00000099.jpg
E:\zhaochen\VisualSFM_windows_64bit\south-building\168.JPG
904.19128418
538 403.5
-8.91492176056 2.20230078697 8.09145927429
5.23912525177 -0.00794911384583 11.0611591339
-0.17020428549 1.87054224597 -0.246976902316
0.583943113573 -0.0729350586378 0.801555072492 -0.105833262663
-0.307381898165 0.00667851511389 0.951562821865
-0.240523904562 0.966959655285 -0.0844828784466
-0.920687437057 -0.254842579365 -0.295619517565
0.0152034891268
0 0 0

00000100.jpg
E:\zhaochen\VisualSFM_windows_64bit\south-building\347.JPG
903.188659668
538 403.5
-8.45537471771 1.93552005291 8.54717540741
5.33645153046 -0.0278841257095 10.946018219
-0.148334100626 1.91168701807 -0.210814275609
0.569832985622 -0.0631912400742 0.814390438855 -0.0898081792715
-0.342594981194 -0.000573077588342 0.939483106136
-0.205275729299 0.975883483887 -0.0742609426379
-0.916783034801 -0.218294754624 -0.334449976683
0.0163229633955
0 0 0

00000101.jpg
E:\zhaochen\VisualSFM_windows_64bit\south-building\167.JPG
903.187072754
538 403.5
-8.53021144867 2.48075485229 8.13294696808
5.48251247406 -0.00482273101807 10.7240610123
-0.188671464858 1.86605895747 -0.275507279011
0.583430751829 -0.0808313523875 0.799464133492 -0.118033884837
-0.306149929762 0.0084859104827 0.951945602894
-0.266972482204 0.959068715572 -0.0944088548422
-0.91378223896 -0.283046841621 -0.291353017092
0.0167019316761
0 0 0

00000102.jpg
E:\zhaochen\VisualSFM_windows_64bit\south-building\346.JPG
902.817199707
538 403.5
-7.04514884949 1.37684381008 9.32711315155
5.31005764008 -0.02281665802 10.5036964417
-0.0962228557336 2.02781494864 -0.146876015567
0.525323154414 -0.0402260876389 0.847730627174 -0.0614017057505
-0.444834768772 -0.00369002413936 0.895604848862
-0.132712975144 0.98922342062 -0.0618407242
-0.885725259781 -0.146367505193 -0.440530985594
0.0210196912519
0 0 0

00000103.jpg
E:\zhaochen\VisualSFM_windows_64bit\south-building\166.JPG
903.520935059
538 403.5
-8.9840259552 2.10819530487 7.36865758896
5.63692378998 0.00434136390686 10.3768720627
-0.198549478241 1.76647516596 -0.247741618872
0.623652737613 -0.086476625684 0.769374027371 -0.107901866232
-0.207158282399 0.00152102310676 0.978306591511
-0.267652153969 0.961758375168 -0.0581711567938
-0.940982282162 -0.273896694183 -0.198829144239
0.0164438093974
0 0 0

00000104.jpg
E:\zhaochen\VisualSFM_windows_64bit\south-building\165.JPG
904.896362305
538 403.5
-8.32178688049 2.01854515076 7.37332487106
5.37988519669 0.0202281475067 9.93725299835
-0.174412229444 1.80483841452 -0.242207699023
0.610047708789 -0.0755448719833 0.781747285784 -0.104909785709
-0.24426946044 0.00988604594022 0.969656944275
-0.246113851666 0.966573476791 -0.0718540549278
-0.937955617905 -0.256197959185 -0.233671188354
0.0151124135941
0 0 0

00000105.jpg
E:\zhaochen\VisualSFM_windows_64bit\south-building\345.JPG
897.157714844
538 403.5
-7.38392305374 1.39411079884 8.22586631775
5.31488418579 -0.00961565971375 9.79197216034
-0.100851211668 1.91451680273 -0.158692941533
0.571992476962 -0.0430019985311 0.816331776064 -0.0676651626277
-0.3419508636 0.00720040826127 0.939690649509
-0.14761544764 0.987144351006 -0.0612804964185
-0.928051888943 -0.159667775035 -0.336491912603
0.0187527275708
0 0 0

00000106.jpg
E:\zhaochen\VisualSFM_windows_64bit\south-building\163.JPG
896.555969238
538 403.5
-9.28425979614 1.27368092537 5.09452867508
5.88254308701 0.0788459777832 8.89738845825
-0.174745635086 1.49218495145 -0.186725884011
0.726919874623 -0.0792644800112 0.676853897948 -0.0846987113211
0.0693902745843 0.0158376246691 0.997464299202
-0.230439081788 0.973087370396 0.000580424675718
-0.970609903336 -0.229895278811 0.0711723715067
0.0190940999126
0 0 0

00000107.jpg
E:\zhaochen\VisualSFM_windows_64bit\south-building\164.JPG
897.898071289
538 403.5
-9.07663726807 1.61558914185 5.76533508301
5.60737943649 0.0546146631241 9.31605625153
-0.159000035112 1.5997451657 -0.213741020401
0.688855758699 -0.0710696340409 0.715052065269 -0.0955376902194
-0.0408538803458 0.0299865230918 0.9987154603
-0.23326022923 0.97164362669 -0.0387153439224
-0.97155547142 -0.234542250633 -0.0327007211745
0.0169799411286
0 0 0

00000108.jpg
E:\zhaochen\VisualSFM_windows_64bit\south-building\344.JPG
894.231018066
538 403.5
-8.40112018585 1.54873323441 6.70602893829
5.6681265831 0.0276219844818 9.26389789581
-0.126355566958 1.69881062128 -0.18930968796
0.65471186786 -0.0557234677141 0.74918439358 -0.0834865652455
-0.136494636536 0.0258249305189 0.990304231644
-0.192813649774 0.979849934578 -0.0521278046072
-0.971695423126 -0.19805906713 -0.128764778376
0.0201597985828
0 0 0

00000109.jpg
E:\zhaochen\VisualSFM_windows_64bit\south-building\343.JPG
890.407897949
538 403.5
-8.39794063568 1.49583685398 5.91212940216
5.72058153152 0.0332766771317 8.65968132019
-0.181968681179 1.60546137537 -0.20190520923
0.686484202787 -0.081260826784 0.716942706221 -0.0901637805345
-0.0442721284926 0.00727338995785 0.998993098736
-0.240310654044 0.970534086227 -0.0177161842585
-0.96968626976 -0.240853279829 -0.041219715029
0.0242121811603
0 0 0

00000110.jpg
E:\zhaochen\VisualSFM_windows_64bit\south-building\162.JPG
893.438354492
538 403.5
-9.23349761963 1.02500653267 3.86119246483
5.7151184082 0.0475134849548 8.27962398529
-0.23805106239 1.36579242092 -0.189640388246
0.76507013271 -0.109549857008 0.628530546815 -0.0872715173237
0.194666698575 -0.00417280662805 0.980861008167
-0.27124813199 0.960765421391 0.0579208694398
-0.942618787289 -0.277332425117 0.185897111893
0.0208125660777
0 0 0

00000111.jpg
E:\zhaochen\VisualSFM_windows_64bit\south-building\342.JPG
893.164855957
538 403.5
-8.429271698 1.20813822746 5.05711936951
5.80058574677 0.0063738822937 8.02744674683
-0.180171943356 1.49019244401 -0.17451657983
0.727875558751 -0.0817557044808 0.676197030476 -0.0791894989965
0.0729736238718 0.00471427664161 0.997323036194
-0.225846126676 0.974090099335 0.0119206830859
-0.971426129341 -0.226111233234 0.0721475929022
0.0238482220938
0 0 0

00000112.jpg
E:\zhaochen\VisualSFM_windows_64bit\south-building\161.JPG
892.841186523
538 403.5
-8.98779582977 0.959307968616 3.47728157043
5.83761024475 0.0222757458687 7.72748279572
-0.230544569603 1.29676783041 -0.178419086005
0.787184586256 -0.10697273599 0.601700586577 -0.0827864990079
0.262205302715 0.00160539906938 0.965010464191
-0.259067624807 0.963406682014 0.0687891840935
-0.929587244987 -0.26803997159 0.253026306629
0.0226847557527
0 0 0

00000113.jpg
E:\zhaochen\VisualSFM_windows_64bit\south-building\341.JPG
893.395263672
538 403.5
-8.57588005066 0.983280301094 3.57245254517
5.55300712585 -0.00881016254425 7.51259660721
-0.186895515515 1.33367293078 -0.168207294186
0.778462319241 -0.0864393347369 0.616824863753 -0.0777960164922
0.226950496435 0.0144867515191 0.973799169064
-0.227758318186 0.97295242548 0.0386064760387
-0.946900486946 -0.230552583933 0.224111407995
0.0215337272344
0 0 0

00000114.jpg
E:\zhaochen\VisualSFM_windows_64bit\south-building\340.JPG
893.151428223
538 403.5
-8.72405338287 1.06838297844 2.35888242722
5.66075706482 -0.0411418378353 7.12523841858
-0.150287555352 1.17008424333 -0.175275554196
0.827406238433 -0.0707687598426 0.550979824099 -0.0825353341609
0.379218399525 0.0585961565375 0.923450112343
-0.214564844966 0.976359724998 0.0261583998799
-0.900086462498 -0.20805965364 0.382826209068
0.0205961450134
0 0 0

00000115.jpg
E:\zhaochen\VisualSFM_windows_64bit\south-building\160.JPG
892.436096191
538 403.5
-8.79543685913 0.730885505676 2.24427294731
5.67160701752 -0.0135554075241 7.12484359741
-0.203421298637 1.15180772044 -0.156010474139
0.830943094509 -0.0959116785955 0.543069052392 -0.0735578159878
0.399330854416 0.0180714186281 0.91662889719
-0.226418018341 0.970780789852 0.0795003175735
-0.888409018517 -0.239288270473 0.391754060984
0.0208150207236
0 0 0

00000116.jpg
E:\zhaochen\VisualSFM_windows_64bit\south-building\339.JPG
893.245117188
538 403.5
-8.48875808716 0.867849647999 3.06701159477
5.92641448975 -0.0627022981644 6.86239051819
-0.184203369387 1.21040736627 -0.145683335204
0.815912855076 -0.0863775237073 0.567590002958 -0.0683145253109
0.346349477768 0.0134234009311 0.938009262085
-0.209531396627 0.975744605064 0.0634037405252
-0.914406657219 -0.218502387404 0.340761065483
0.0199021383361
0 0 0

00000117.jpg
E:\zhaochen\VisualSFM_windows_64bit\south-building\159.JPG
891.882873535
538 403.5
-8.83306121826 0.401572942734 2.69239878654
6.07822227478 -0.050988137722 6.96317958832
-0.233097131317 1.14897059678 -0.108223084683
0.831674024521 -0.109932696492 0.541874690523 -0.0510399053592
0.407533675432 -0.0342422798276 0.912547826767
-0.204036533833 0.970619738102 0.127541899681
-0.890104591846 -0.238170772791 0.38857331872
0.0233727945914
0 0 0

00000118.jpg
E:\zhaochen\VisualSFM_windows_64bit\south-building\158.JPG
891.428100586
538 403.5
-8.54615974426 0.716288864613 2.85241484642
6.20827054977 -0.0373684763908 6.56827068329
-0.218028415144 1.13950771279 -0.136228077723
0.834222755044 -0.102920836559 0.537907350231 -0.0643067909876
0.413040667772 -0.0034314240329 0.910706222057
-0.218016177416 0.970543801785 0.102535620332
-0.884231984615 -0.240899994969 0.400125950575
0.0222553373416
0 0 0

00000119.jpg
E:\zhaochen\VisualSFM_windows_64bit\south-building\338.JPG
892.159240723
538 403.5
-8.18451118469 0.768162786961 3.12781453133
5.96843528748 -0.0479914546013 6.46026325226
-0.232258007938 1.19442282988 -0.143395744626
0.818151424818 -0.109000451974 0.560551730643 -0.0672967150378
0.362505733967 -0.0120829073712 0.931903362274
-0.232318520546 0.967180132866 0.102911114693
-0.902561426163 -0.253804385662 0.347801148891
0.0175160700634
0 0 0

00000120.jpg
E:\zhaochen\VisualSFM_windows_64bit\south-building\157.JPG
892.286437988
538 403.5
-8.13034820557 0.549840509892 2.77925944328
6.21718883514 0.01694470644 5.95613098145
-0.240998088838 1.0947509535 -0.123813197508
0.845182254015 -0.114213914483 0.518824827146 -0.0586776020518
0.454755663872 -0.0193274393678 0.890406906605
-0.217700511217 0.967024564743 0.132176354527
-0.86359924078 -0.253949940205 0.435551941395
0.0206457459641
0 0 0

00000121.jpg
E:\zhaochen\VisualSFM_windows_64bit\south-building\337.JPG
892.128051758
538 403.5
-8.05428028107 0.616438031197 2.23448324203
5.86311435699 -0.024042069912 5.98896026611
-0.269574704988 1.06956431888 -0.148877867559
0.849105027558 -0.127937004341 0.50760272524 -0.070655695938
0.474694371223 -0.00989417172968 0.88009506464
-0.249870598316 0.957279920578 0.14553385973
-0.843937039375 -0.288993954659 0.451943099499
0.0173049373146
0 0 0

00000122.jpg
E:\zhaochen\VisualSFM_windows_64bit\south-building\156.JPG
890.772521973
538 403.5
-7.79476308823 0.564457535744 2.59319424629
6.11161518097 0.0289072990417 5.51805496216
-0.259636899948 1.05724944624 -0.131217892628
0.853426856656 -0.123411574556 0.502535729259 -0.0623709755521
0.48713555932 -0.0175791755319 0.873149454594
-0.23049543798 0.961759030819 0.147958233953
-0.842360496521 -0.273332774639 0.464455008507
0.0221813112407
0 0 0

00000123.jpg
E:\zhaochen\VisualSFM_windows_64bit\south-building\336.JPG
891.797668457
538 403.5
-7.8405008316 0.322119474411 1.75443124771
5.70604467392 -0.00855308771133 5.66535234451
-0.292912061316 1.00010275902 -0.126527492094
0.865382171132 -0.139823214755 0.47740465935 -0.0603986077596
0.536873519421 -0.0289687551558 0.843165159225
-0.238040268421 0.953603208065 0.184331938624
-0.809384763241 -0.299670130014 0.505068480968
0.0166956148197
0 0 0

00000124.jpg
E:\zhaochen\VisualSFM_windows_64bit\south-building\155.JPG
890.952392578
538 403.5
-7.66627597809 0.293320119381 1.94150114059
5.97899913788 0.0254146456718 5.18441677094
-0.274751297506 0.960455461764 -0.108015907968
0.876428485424 -0.131669034705 0.460278967472 -0.0517644519391
0.57092744112 -0.0304733235389 0.820434629917
-0.211944684386 0.959967494011 0.183144852519
-0.79317176342 -0.278449118137 0.541612625122
0.01984840698
0 0 0

00000125.jpg
E:\zhaochen\VisualSFM_windows_64bit\south-building\153.JPG
891.03314209
538 403.5
-6.99287414551 0.0190062131733 0.646708965302
5.32046413422 0.0172928571701 4.58380270004
-0.258094066625 0.798581035495 -0.0880653672879
0.912300326762 -0.125252042859 0.387548258636 -0.0427377789123
0.695959746838 -0.0191030334681 0.717826664448
-0.175061792135 0.964971125126 0.195409074426
-0.69641494751 -0.261660844088 0.668236672878
0.0202759798633
0 0 0

00000126.jpg
E:\zhaochen\VisualSFM_windows_64bit\south-building\154.JPG
891.741333008
538 403.5
-7.37812805176 0.297978520393 1.18176734447
5.65359210968 0.0253335237503 4.89473485947
-0.252899130419 0.871811425285 -0.118160306379
0.897069104553 -0.122080518187 0.420844430677 -0.0570388336565
0.639273405075 -0.000418243842432 0.768979847431
-0.205089345574 0.963685870171 0.171020418406
-0.741126298904 -0.267038226128 0.61597263813
0.0200438549301
0 0 0

00000127.jpg
E:\zhaochen\VisualSFM_windows_64bit\south-building\335.JPG
891.687744141
538 403.5
-7.4829916954 -0.0563121847808 0.508667349815
5.29946804047 5.55813312531e-006 5.30779886246
-0.247475128627 0.848402717519 -0.0846901637377
0.903081856261 -0.119713649786 0.410406437068 -0.0409680304372
0.659776508808 -0.0242675431073 0.751070022583
-0.172257483006 0.967980444431 0.1825953722
-0.731452405453 -0.249849528074 0.634470403194
0.0170710984196
0 0 0

