1544.8 0 960 0 1544.8 540 0 0 1 
1544.36 0 960 0 1544.36 540 0 0 1 
1544.2 0 960 0 1544.2 540 0 0 1 
1544.44 0 960 0 1544.44 540 0 0 1 
1544.56 0 960 0 1544.56 540 0 0 1 
1544.22 0 960 0 1544.22 540 0 0 1 
1544.23 0 960 0 1544.23 540 0 0 1 
1544.95 0 960 0 1544.95 540 0 0 1 
1544.69 0 960 0 1544.69 540 0 0 1 
1544.89 0 960 0 1544.89 540 0 0 1 
1544.53 0 960 0 1544.53 540 0 0 1 
1545.34 0 960 0 1545.34 540 0 0 1 
1545.9 0 960 0 1545.9 540 0 0 1 
1546.06 0 960 0 1546.06 540 0 0 1 
1546.43 0 960 0 1546.43 540 0 0 1 
1546.89 0 960 0 1546.89 540 0 0 1 
1546.27 0 960 0 1546.27 540 0 0 1 
1544.87 0 960 0 1544.87 540 0 0 1 
1544.5 0 960 0 1544.5 540 0 0 1 
1546.62 0 960 0 1546.62 540 0 0 1 
1546.71 0 960 0 1546.71 540 0 0 1 
1547.18 0 960 0 1547.18 540 0 0 1 
1546.63 0 960 0 1546.63 540 0 0 1 
1543.46 0 960 0 1543.46 540 0 0 1 
1543.09 0 960 0 1543.09 540 0 0 1 
1543.53 0 960 0 1543.53 540 0 0 1 
1543.6 0 960 0 1543.6 540 0 0 1 
1543.33 0 960 0 1543.33 540 0 0 1 
1543.97 0 960 0 1543.97 540 0 0 1 
1544.35 0 960 0 1544.35 540 0 0 1 
1543.87 0 960 0 1543.87 540 0 0 1 
1544.27 0 960 0 1544.27 540 0 0 1 
1545.56 0 960 0 1545.56 540 0 0 1 
1545.86 0 960 0 1545.86 540 0 0 1 
1544.58 0 960 0 1544.58 540 0 0 1 
1545.58 0 960 0 1545.58 540 0 0 1 
1545.78 0 960 0 1545.78 540 0 0 1 
1545.85 0 960 0 1545.85 540 0 0 1 
1546.88 0 960 0 1546.88 540 0 0 1 
1545.53 0 960 0 1545.53 540 0 0 1 
1546.54 0 960 0 1546.54 540 0 0 1 
1545.71 0 960 0 1545.71 540 0 0 1 
1546.22 0 960 0 1546.22 540 0 0 1 
1545.36 0 960 0 1545.36 540 0 0 1 
1546.23 0 960 0 1546.23 540 0 0 1 
1546.52 0 960 0 1546.52 540 0 0 1 
1546.96 0 960 0 1546.96 540 0 0 1 
1547.63 0 960 0 1547.63 540 0 0 1 
1547.14 0 960 0 1547.14 540 0 0 1 
1547.19 0 960 0 1547.19 540 0 0 1 
1547.58 0 960 0 1547.58 540 0 0 1 
1547.76 0 960 0 1547.76 540 0 0 1 
1548.03 0 960 0 1548.03 540 0 0 1 
1547.96 0 960 0 1547.96 540 0 0 1 
1548.37 0 960 0 1548.37 540 0 0 1 
1549.08 0 960 0 1549.08 540 0 0 1 
1549.34 0 960 0 1549.34 540 0 0 1 
1548.96 0 960 0 1548.96 540 0 0 1 
1549.12 0 960 0 1549.12 540 0 0 1 
1548.83 0 960 0 1548.83 540 0 0 1 
1548.57 0 960 0 1548.57 540 0 0 1 
1549.25 0 960 0 1549.25 540 0 0 1 
1549.3 0 960 0 1549.3 540 0 0 1 
1549.32 0 960 0 1549.32 540 0 0 1 
1549.73 0 960 0 1549.73 540 0 0 1 
1549.73 0 960 0 1549.73 540 0 0 1 
1550.14 0 960 0 1550.14 540 0 0 1 
1549.53 0 960 0 1549.53 540 0 0 1 
1549.61 0 960 0 1549.61 540 0 0 1 
1549.84 0 960 0 1549.84 540 0 0 1 
1549.63 0 960 0 1549.63 540 0 0 1 
1549.83 0 960 0 1549.83 540 0 0 1 
1550.16 0 960 0 1550.16 540 0 0 1 
1549.9 0 960 0 1549.9 540 0 0 1 
1550 0 960 0 1550 540 0 0 1 
1549.68 0 960 0 1549.68 540 0 0 1 
1549.03 0 960 0 1549.03 540 0 0 1 
1549.22 0 960 0 1549.22 540 0 0 1 
1548.66 0 960 0 1548.66 540 0 0 1 
1548.84 0 960 0 1548.84 540 0 0 1 
1548.34 0 960 0 1548.34 540 0 0 1 
1548.28 0 960 0 1548.28 540 0 0 1 
1548.22 0 960 0 1548.22 540 0 0 1 
1547.4 0 960 0 1547.4 540 0 0 1 
1547.25 0 960 0 1547.25 540 0 0 1 
1546.94 0 960 0 1546.94 540 0 0 1 
1548.06 0 960 0 1548.06 540 0 0 1 
1548.83 0 960 0 1548.83 540 0 0 1 
1549.21 0 960 0 1549.21 540 0 0 1 
1549.46 0 960 0 1549.46 540 0 0 1 
1549.23 0 960 0 1549.23 540 0 0 1 
1550.09 0 960 0 1550.09 540 0 0 1 
1549.95 0 960 0 1549.95 540 0 0 1 
1550.61 0 960 0 1550.61 540 0 0 1 
1550.49 0 960 0 1550.49 540 0 0 1 
1551.07 0 960 0 1551.07 540 0 0 1 
1550.76 0 960 0 1550.76 540 0 0 1 
1550.37 0 960 0 1550.37 540 0 0 1 
1550.66 0 960 0 1550.66 540 0 0 1 
1551.7 0 960 0 1551.7 540 0 0 1 
1545.95 0 960 0 1545.95 540 0 0 1 
1546.29 0 960 0 1546.29 540 0 0 1 
1546.04 0 960 0 1546.04 540 0 0 1 
1546.99 0 960 0 1546.99 540 0 0 1 
1546.7 0 960 0 1546.7 540 0 0 1 
1546.61 0 960 0 1546.61 540 0 0 1 
1545.61 0 960 0 1545.61 540 0 0 1 
1545.18 0 960 0 1545.18 540 0 0 1 
1545 0 960 0 1545 540 0 0 1 
1543.92 0 960 0 1543.92 540 0 0 1 
1544.28 0 960 0 1544.28 540 0 0 1 
1543.93 0 960 0 1543.93 540 0 0 1 
1543.87 0 960 0 1543.87 540 0 0 1 
1543.64 0 960 0 1543.64 540 0 0 1 
1543.19 0 960 0 1543.19 540 0 0 1 
1543.06 0 960 0 1543.06 540 0 0 1 
1541.65 0 960 0 1541.65 540 0 0 1 
1542.23 0 960 0 1542.23 540 0 0 1 
1542.89 0 960 0 1542.89 540 0 0 1 
1542.89 0 960 0 1542.89 540 0 0 1 
1542.7 0 960 0 1542.7 540 0 0 1 
1542.25 0 960 0 1542.25 540 0 0 1 
1543.25 0 960 0 1543.25 540 0 0 1 
1542.28 0 960 0 1542.28 540 0 0 1 
1543.37 0 960 0 1543.37 540 0 0 1 
1542.91 0 960 0 1542.91 540 0 0 1 
1542.78 0 960 0 1542.78 540 0 0 1 
1542.97 0 960 0 1542.97 540 0 0 1 
1543.28 0 960 0 1543.28 540 0 0 1 
1542.71 0 960 0 1542.71 540 0 0 1 
1542.52 0 960 0 1542.52 540 0 0 1 
1542.15 0 960 0 1542.15 540 0 0 1 
1542.16 0 960 0 1542.16 540 0 0 1 
1541.95 0 960 0 1541.95 540 0 0 1 
1541.32 0 960 0 1541.32 540 0 0 1 
1541.78 0 960 0 1541.78 540 0 0 1 
1541.17 0 960 0 1541.17 540 0 0 1 
1552.37 0 960 0 1552.37 540 0 0 1 
1540.91 0 960 0 1540.91 540 0 0 1 
1541.09 0 960 0 1541.09 540 0 0 1 
1540.94 0 960 0 1540.94 540 0 0 1 
1540.98 0 960 0 1540.98 540 0 0 1 
1540.89 0 960 0 1540.89 540 0 0 1 
1540.58 0 960 0 1540.58 540 0 0 1 
1540.43 0 960 0 1540.43 540 0 0 1 
1540.02 0 960 0 1540.02 540 0 0 1 
1540.38 0 960 0 1540.38 540 0 0 1 
1539.67 0 960 0 1539.67 540 0 0 1 
1539.25 0 960 0 1539.25 540 0 0 1 
1538.51 0 960 0 1538.51 540 0 0 1 
1537.98 0 960 0 1537.98 540 0 0 1 
1536.55 0 960 0 1536.55 540 0 0 1 
1535.67 0 960 0 1535.67 540 0 0 1 
1536.47 0 960 0 1536.47 540 0 0 1 
1539.14 0 960 0 1539.14 540 0 0 1 
1536.59 0 960 0 1536.59 540 0 0 1 
1536.49 0 960 0 1536.49 540 0 0 1 
1536.58 0 960 0 1536.58 540 0 0 1 
1536.1 0 960 0 1536.1 540 0 0 1 
1535.41 0 960 0 1535.41 540 0 0 1 
1536.66 0 960 0 1536.66 540 0 0 1 
1540.74 0 960 0 1540.74 540 0 0 1 
1552.52 0 960 0 1552.52 540 0 0 1 
1551.94 0 960 0 1551.94 540 0 0 1 
1551.35 0 960 0 1551.35 540 0 0 1 
1550.59 0 960 0 1550.59 540 0 0 1 
1550.04 0 960 0 1550.04 540 0 0 1 
1549.49 0 960 0 1549.49 540 0 0 1 
1549.34 0 960 0 1549.34 540 0 0 1 
1549.51 0 960 0 1549.51 540 0 0 1 
1550.01 0 960 0 1550.01 540 0 0 1 
1550.03 0 960 0 1550.03 540 0 0 1 
1549.52 0 960 0 1549.52 540 0 0 1 
1549.28 0 960 0 1549.28 540 0 0 1 
1549.39 0 960 0 1549.39 540 0 0 1 
1549.15 0 960 0 1549.15 540 0 0 1 
1548.58 0 960 0 1548.58 540 0 0 1 
1548.55 0 960 0 1548.55 540 0 0 1 
1548.93 0 960 0 1548.93 540 0 0 1 
1549.11 0 960 0 1549.11 540 0 0 1 
1549.36 0 960 0 1549.36 540 0 0 1 
1549.64 0 960 0 1549.64 540 0 0 1 
1550.25 0 960 0 1550.25 540 0 0 1 
1550.43 0 960 0 1550.43 540 0 0 1 
1550.79 0 960 0 1550.79 540 0 0 1 
1550.33 0 960 0 1550.33 540 0 0 1 
1550.66 0 960 0 1550.66 540 0 0 1 
1550.6 0 960 0 1550.6 540 0 0 1 
1550.66 0 960 0 1550.66 540 0 0 1 
1550.84 0 960 0 1550.84 540 0 0 1 
1550.13 0 960 0 1550.13 540 0 0 1 
1550.06 0 960 0 1550.06 540 0 0 1 
1550.22 0 960 0 1550.22 540 0 0 1 
1549.26 0 960 0 1549.26 540 0 0 1 
1549.24 0 960 0 1549.24 540 0 0 1 
1550.1 0 960 0 1550.1 540 0 0 1 
1550.53 0 960 0 1550.53 540 0 0 1 
1550.46 0 960 0 1550.46 540 0 0 1 
1550.51 0 960 0 1550.51 540 0 0 1 
1550.2 0 960 0 1550.2 540 0 0 1 
1550.3 0 960 0 1550.3 540 0 0 1 
1550.14 0 960 0 1550.14 540 0 0 1 
1550.29 0 960 0 1550.29 540 0 0 1 
1549.94 0 960 0 1549.94 540 0 0 1 
1550.15 0 960 0 1550.15 540 0 0 1 
1550.64 0 960 0 1550.64 540 0 0 1 
1551.07 0 960 0 1551.07 540 0 0 1 
1550.83 0 960 0 1550.83 540 0 0 1 
1550.59 0 960 0 1550.59 540 0 0 1 
1550.97 0 960 0 1550.97 540 0 0 1 
1551.7 0 960 0 1551.7 540 0 0 1 
1551.63 0 960 0 1551.63 540 0 0 1 
1551.66 0 960 0 1551.66 540 0 0 1 
1551.9 0 960 0 1551.9 540 0 0 1 
1551.77 0 960 0 1551.77 540 0 0 1 
1552.13 0 960 0 1552.13 540 0 0 1 
1552.41 0 960 0 1552.41 540 0 0 1 
1552.19 0 960 0 1552.19 540 0 0 1 
1552.4 0 960 0 1552.4 540 0 0 1 
1552.58 0 960 0 1552.58 540 0 0 1 
1552.67 0 960 0 1552.67 540 0 0 1 
1552.56 0 960 0 1552.56 540 0 0 1 
1552.73 0 960 0 1552.73 540 0 0 1 
1552.09 0 960 0 1552.09 540 0 0 1 
1552.31 0 960 0 1552.31 540 0 0 1 
1552.2 0 960 0 1552.2 540 0 0 1 
1551.69 0 960 0 1551.69 540 0 0 1 
1552.63 0 960 0 1552.63 540 0 0 1 
1552.57 0 960 0 1552.57 540 0 0 1 
1552.81 0 960 0 1552.81 540 0 0 1 
1552.82 0 960 0 1552.82 540 0 0 1 
1553.08 0 960 0 1553.08 540 0 0 1 
1553.27 0 960 0 1553.27 540 0 0 1 
1553.1 0 960 0 1553.1 540 0 0 1 
1553.93 0 960 0 1553.93 540 0 0 1 
1554.04 0 960 0 1554.04 540 0 0 1 
1554.41 0 960 0 1554.41 540 0 0 1 
1554.58 0 960 0 1554.58 540 0 0 1 
1554.7 0 960 0 1554.7 540 0 0 1 
1554.74 0 960 0 1554.74 540 0 0 1 
1555.21 0 960 0 1555.21 540 0 0 1 
1555.41 0 960 0 1555.41 540 0 0 1 
1555.65 0 960 0 1555.65 540 0 0 1 
1555.8 0 960 0 1555.8 540 0 0 1 
1555.86 0 960 0 1555.86 540 0 0 1 
1556.07 0 960 0 1556.07 540 0 0 1 
1555.64 0 960 0 1555.64 540 0 0 1 
1555.79 0 960 0 1555.79 540 0 0 1 
1555.9 0 960 0 1555.9 540 0 0 1 
1556.17 0 960 0 1556.17 540 0 0 1 
1556.14 0 960 0 1556.14 540 0 0 1 
1556.31 0 960 0 1556.31 540 0 0 1 
1556.41 0 960 0 1556.41 540 0 0 1 
1556.38 0 960 0 1556.38 540 0 0 1 
1556.65 0 960 0 1556.65 540 0 0 1 
1556.74 0 960 0 1556.74 540 0 0 1 
1557.03 0 960 0 1557.03 540 0 0 1 
1556.94 0 960 0 1556.94 540 0 0 1 
1557.19 0 960 0 1557.19 540 0 0 1 
1557.23 0 960 0 1557.23 540 0 0 1 
1557.5 0 960 0 1557.5 540 0 0 1 
1557.7 0 960 0 1557.7 540 0 0 1 
1557.84 0 960 0 1557.84 540 0 0 1 
1558.34 0 960 0 1558.34 540 0 0 1 
1558.12 0 960 0 1558.12 540 0 0 1 
1558.1 0 960 0 1558.1 540 0 0 1 
1558.09 0 960 0 1558.09 540 0 0 1 
1558.52 0 960 0 1558.52 540 0 0 1 
1559.03 0 960 0 1559.03 540 0 0 1 
1558.57 0 960 0 1558.57 540 0 0 1 
1557.54 0 960 0 1557.54 540 0 0 1 
1557.1 0 960 0 1557.1 540 0 0 1 
1556.73 0 960 0 1556.73 540 0 0 1 
1556.63 0 960 0 1556.63 540 0 0 1 
1583.32 0 960 0 1583.32 540 0 0 1 
1555.59 0 960 0 1555.59 540 0 0 1 
1551.7 0 960 0 1551.7 540 0 0 1 
1537.37 0 960 0 1537.37 540 0 0 1 
1537.62 0 960 0 1537.62 540 0 0 1 
1537.48 0 960 0 1537.48 540 0 0 1 
1538.1 0 960 0 1538.1 540 0 0 1 
1537.52 0 960 0 1537.52 540 0 0 1 
1538.74 0 960 0 1538.74 540 0 0 1 
1539.82 0 960 0 1539.82 540 0 0 1 
1540.5 0 960 0 1540.5 540 0 0 1 
1540.81 0 960 0 1540.81 540 0 0 1 
1541.22 0 960 0 1541.22 540 0 0 1 
1541.32 0 960 0 1541.32 540 0 0 1 
1541.47 0 960 0 1541.47 540 0 0 1 
1544.98 0 960 0 1544.98 540 0 0 1 
1541.77 0 960 0 1541.77 540 0 0 1 
1541.63 0 960 0 1541.63 540 0 0 1 
1541.6 0 960 0 1541.6 540 0 0 1 
1543.93 0 960 0 1543.93 540 0 0 1 
1541.34 0 960 0 1541.34 540 0 0 1 
1541.01 0 960 0 1541.01 540 0 0 1 
1540.9 0 960 0 1540.9 540 0 0 1 
1541.67 0 960 0 1541.67 540 0 0 1 
1542.38 0 960 0 1542.38 540 0 0 1 
1542.67 0 960 0 1542.67 540 0 0 1 
1543.1 0 960 0 1543.1 540 0 0 1 
1543.3 0 960 0 1543.3 540 0 0 1 
1543.69 0 960 0 1543.69 540 0 0 1 
1543.42 0 960 0 1543.42 540 0 0 1 
1542.58 0 960 0 1542.58 540 0 0 1 
1541.65 0 960 0 1541.65 540 0 0 1 
1545.04 0 960 0 1545.04 540 0 0 1 
1544.48 0 960 0 1544.48 540 0 0 1 
1544.63 0 960 0 1544.63 540 0 0 1 
1543.81 0 960 0 1543.81 540 0 0 1 
1541.96 0 960 0 1541.96 540 0 0 1 
1542.35 0 960 0 1542.35 540 0 0 1 
1541.61 0 960 0 1541.61 540 0 0 1 
1540.95 0 960 0 1540.95 540 0 0 1 
1540.14 0 960 0 1540.14 540 0 0 1 
1541.04 0 960 0 1541.04 540 0 0 1 
1540.87 0 960 0 1540.87 540 0 0 1 
1540.48 0 960 0 1540.48 540 0 0 1 
1539.99 0 960 0 1539.99 540 0 0 1 
1540.58 0 960 0 1540.58 540 0 0 1 
1540.15 0 960 0 1540.15 540 0 0 1 
1539.79 0 960 0 1539.79 540 0 0 1 
1540.06 0 960 0 1540.06 540 0 0 1 
1539.9 0 960 0 1539.9 540 0 0 1 
1538.89 0 960 0 1538.89 540 0 0 1 
1539.53 0 960 0 1539.53 540 0 0 1 
1539.1 0 960 0 1539.1 540 0 0 1 
1538.93 0 960 0 1538.93 540 0 0 1 
1539.55 0 960 0 1539.55 540 0 0 1 
1535.91 0 960 0 1535.91 540 0 0 1 
1537.55 0 960 0 1537.55 540 0 0 1 
1536.01 0 960 0 1536.01 540 0 0 1 
1539.13 0 960 0 1539.13 540 0 0 1 
1537.93 0 960 0 1537.93 540 0 0 1 
1540.22 0 960 0 1540.22 540 0 0 1 
1540.24 0 960 0 1540.24 540 0 0 1 
1540.7 0 960 0 1540.7 540 0 0 1 
1542.88 0 960 0 1542.88 540 0 0 1 
1545.58 0 960 0 1545.58 540 0 0 1 
1545.28 0 960 0 1545.28 540 0 0 1 
1544.5 0 960 0 1544.5 540 0 0 1 
1544.04 0 960 0 1544.04 540 0 0 1 
1544 0 960 0 1544 540 0 0 1 
1543.84 0 960 0 1543.84 540 0 0 1 
1544.16 0 960 0 1544.16 540 0 0 1 
1544.04 0 960 0 1544.04 540 0 0 1 
1543.97 0 960 0 1543.97 540 0 0 1 
1543.12 0 960 0 1543.12 540 0 0 1 
1543.28 0 960 0 1543.28 540 0 0 1 
1543.58 0 960 0 1543.58 540 0 0 1 
1543.49 0 960 0 1543.49 540 0 0 1 
1542.95 0 960 0 1542.95 540 0 0 1 
1542.48 0 960 0 1542.48 540 0 0 1 
1543.24 0 960 0 1543.24 540 0 0 1 
