0.451743 -0.33761 -2.47278 
1.35169 -0.307941 -2.42322 
0.930038 -0.358387 -2.50484 
0.741758 -0.295315 -2.48657 
0.137103 -0.319938 -2.42023 
-0.202495 -0.410575 -2.35291 
-0.199627 -0.381382 -2.4019 
1.94723 -0.360888 -2.38212 
1.62554 -0.374183 -2.40369 
2.18475 -0.344287 -2.39034 
2.756 -0.41679 -2.40753 
3.03762 -0.419593 -2.43336 
3.13978 -0.427524 -2.68438 
2.49366 -0.376699 -2.38125 
3.2955 -0.864514 -3.45304 
3.1396 -0.961824 -4.23592 
3.34321 -1.02616 -3.76378 
3.13479 -1.24803 -4.49771 
3.13694 -0.806605 -3.34472 
3.14734 -0.68617 -3.06805 
3.17844 -0.45645 -3.10172 
3.5563 -0.510248 -2.96576 
3.18913 -0.599421 -2.71728 
3.84598 -0.554617 -2.96114 
-0.809194 -0.904745 -2.64718 
-0.130233 -0.866048 -2.51738 
4.03435 -0.536586 -3.07311 
-1.21824 -1.00677 -2.72656 
-1.7038 -1.07562 -2.6887 
-2.4071 -1.10029 -2.44088 
-0.847971 -0.357612 -2.76923 
-1.17282 -0.297729 -2.92003 
-1.63008 -0.330204 -2.93205 
-0.0937273 -0.380662 -2.6498 
5.03344 -0.155777 -0.58492 
-1.37901 -1.29665 -5.33187 
-0.781719 -1.31954 -5.12511 
-0.924983 -0.844271 -4.98767 
-0.54186 -1.10072 -4.70941 
0.0496884 -1.00647 -4.57189 
0.196384 -0.885771 -4.37588 
4.30743 -0.526565 -3.08472 
3.09924 -0.65527 -2.48364 
4.6825 -0.41829 -2.95269 
4.76947 0.00874719 -0.455453 
4.36776 0.113761 -0.351346 
4.53695 -0.212431 -0.662685 
5.27741 0.101675 0.166318 
5.53127 0.102765 0.349334 
-2.31124 -0.371005 -2.75503 
-2.81643 -1.08303 -2.35332 
-3.31204 -0.927046 -2.3262 
-2.83739 -0.324072 -2.57112 
-3.31452 -0.314992 -2.49608 
-3.76796 -0.926404 -2.11021 
-4.28566 -0.791058 -1.8154 
-3.75964 -0.266845 -2.33278 
4.92382 -0.328071 -3.08764 
5.32536 -0.478363 -2.89745 
5.47733 -0.382885 -3.12324 
-4.70753 -0.564436 -1.63763 
6.5383 -0.950178 -2.51505 
6.28717 -1.82497 -3.4292 
6.64277 -0.174744 -2.4173 
6.67049 -0.13787 -3.18759 
6.04191 -0.520892 -3.13073 
5.7843 -0.554633 -3.01959 
4.40398 -1.98305 -4.86334 
7.36105 -0.341983 -3.01897 
7.30084 -1.38671 -2.83933 
7.62143 -0.21553 -3.06107 
7.34887 -1.69098 -3.22763 
6.9296 -0.396711 -3.2982 
6.59883 -1.74525 -3.51477 
7.81407 -0.349626 -3.27211 
7.83761 -1.4486 -2.91281 
8.25833 -0.26971 -2.95195 
8.32679 -1.21415 -2.46356 
-4.31347 -0.261835 -1.94664 
8.94326 -0.274248 -1.71298 
8.92815 -0.896958 -1.57903 
9.47763 -0.163786 -0.901539 
9.47204 -0.633705 -0.807421 
9.98951 -0.0896294 -0.634486 
9.98042 -0.466321 -0.475618 
10.3302 -0.225681 -0.158414 
10.3235 0.200579 -0.297942 
10.5592 0.325801 1.5785 
10.5615 0.546951 1.51922 
-4.66369 -0.090659 -1.86594 
-5.2252 -0.290552 -1.06081 
10.8071 0.671795 2.04937 
10.8463 0.509363 1.89201 
-5.53898 -0.190315 -1.21172 
11.0742 0.482176 2.55517 
11.0995 0.750648 2.28945 
-5.47412 -0.101224 -1.48275 
-5.19844 -0.0993501 -1.26283 
-5.90731 -0.264194 -0.94866 
-5.8723 -0.164025 -1.1222 
-6.26439 0.113483 -0.586375 
-6.30039 0.0501509 -0.537868 
-6.63269 0.0927422 0.0809946 
-6.62099 0.395111 0.0617285 
-6.90765 0.731777 0.619994 
-6.95708 0.0420498 0.50007 
-7.11728 0.956893 0.776444 
-7.26118 0.111546 0.450435 
-7.29491 1.17121 1.41332 
-7.3633 0.340233 1.90916 
-7.51679 0.680898 2.23379 
-7.41473 1.69251 2.0324 
-7.76926 0.776928 2.40002 
-7.9155 0.776929 2.73442 
-7.93832 1.05173 3.31469 
-7.84722 1.6066 3.94125 
-8.00017 1.66054 4.24973 
-8.36227 1.43798 4.21469 
11.182 1.38002 3.15132 
11.1957 0.564894 3.34361 
11.3701 1.63628 3.61086 
11.3461 0.594302 3.92456 
11.5815 0.907611 4.15427 
11.5733 1.76973 3.92946 
11.7103 1.82193 4.4615 
11.6204 0.891334 4.93383 
11.5748 1.48738 5.69342 
-8.33905 1.43583 4.84278 
11.0578 1.34425 7.16879 
10.8567 1.40841 7.83392 
10.4446 1.5112 8.66627 
10.9114 2.42784 8.1938 
10.3378 2.18317 9.68732 
10.2206 2.10949 9.9709 
11.0416 2.28932 9.15788 
-2.37259 8.4779 11.1428 
-3.39704 9.9872 9.00877 
-3.25883 7.03069 12.2049 
8.87364 2.35101 11.8663 
9.60141 2.80284 10.8868 
7.42638 2.89659 12.885 
-2.5092 6.33403 13.1722 
10.526 1.82768 9.42379 
10.8718 1.60739 8.72473 
8.32707 2.72521 12.398 
10.4787 2.72575 9.98261 
10.3387 2.47108 10.4055 
9.89515 2.14766 11.0897 
-1.3452 9.08876 11.6258 
-1.7276 8.91394 11.5683 
-1.82665 9.38473 11.8948 
-1.33876 12.7595 8.30418 
-2.08182 9.56139 11.9475 
-1.87379 7.76195 13.6304 
-1.52221 7.90393 12.7867 
-1.18027 13.5063 3.1308 
-0.742599 13.5344 4.37826 
-0.894992 14.1983 6.44453 
-1.41256 7.68762 12.8103 
-0.39405 13.8127 5.40194 
-0.765614 13.6565 4.83219 
-1.41936 13.5856 8.01089 
-8.39881 1.21333 5.32655 
-2.51338 0.716816 15.0734 
-8.19081 1.38758 6.05044 
-1.53527 12.2997 10.4671 
-8.27734 1.78717 6.27751 
9.46375 3.95218 13.6075 
-2.62767 10.4999 12.7455 
-3.04531 1.3819 16.3553 
-2.56849 7.40669 14.5402 
-1.77821 12.2192 11.0024 
6.4372 3.28392 15.556 
-3.35413 -1.89552 16.2322 
0.929336 2.89326 16.644 
-1.6021 -0.650357 16.2351 
0.728947 3.59814 17.0737 
-0.116331 3.35358 16.9825 
0.610424 3.80922 17.1228 
0.779931 4.29024 17.162 
-2.78414 -0.0911729 16.2711 
-4.00269 2.90363 16.3823 
-8.49951 1.65837 6.48747 
-8.42804 1.86346 6.95339 
-8.53381 1.92841 7.19576 
-0.358151 4.08121 17.3003 
-8.94491 1.72294 7.12155 
-8.76273 1.92545 7.73323 
-9.03498 1.88832 7.89118 
-8.78278 1.83882 8.59238 
-8.87771 1.71574 8.90303 
-8.87816 1.69616 9.32481 
-8.98069 2.05639 9.56633 
-9.04341 1.95106 9.94278 
-9.21607 2.00419 10.1374 
-8.8655 1.65418 10.8665 
-9.59731 1.70018 10.6258 
-8.75855 2.03411 11.5993 
-8.47168 2.07442 12.152 
-1.14339 12.43 10.585 
-7.58926 2.04497 13.0224 
-1.09016 4.55626 17.221 
-1.97881 4.56787 17.2637 
-2.06888 -4.77245 17.2105 
-3.06231 4.63172 17.0526 
-3.32306 -5.42842 16.6298 
-3.88218 2.35202 17.2171 
-2.98063 -6.30958 16.3018 
-4.03463 -8.83293 14.1589 
-3.79547 -7.92025 14.8879 
-3.61641 -9.33359 13.9376 
-8.34999 1.04463 14.8479 
-9.40444 3.53027 13.653 
-8.98307 5.8313 13.1577 
-3.58066 -9.8319 13.5021 
-9.9921 3.5751 13.0483 
-9.54695 5.95892 12.5152 
-8.90003 4.12769 13.4293 
-8.0831 3.49962 13.9444 
-8.88478 3.99033 13.137 
-9.55791 2.81154 12.2866 
-8.89878 3.09372 12.2592 
-9.00175 3.24806 12.3568 
-9.90269 2.75938 11.3223 
-11.1357 2.72388 9.77423 
-12.2623 3.22868 10.1649 
-11.9137 2.57292 8.37856 
-11.7945 2.22977 8.15561 
-3.9806 -0.118984 16.6972 
-10.5247 2.02591 8.95516 
-10.2866 2.07881 8.77426 
-11.1057 1.96245 8.67633 
-3.70561 2.86533 14.8562 
-3.87643 2.70584 14.7307 
-4.11316 2.91344 14.536 
-3.33028 2.97283 14.6267 
-2.81103 2.68175 14.7018 
-3.44002 2.38327 14.5326 
-4.37758 2.78932 14.8045 
-2.47869 3.0146 14.3888 
-1.9645 2.95546 14.4462 
-2.46464 3.15989 14.4177 
-2.64059 2.85758 14.5176 
-3.14446 2.50568 14.5314 
-1.38664 2.88071 14.5047 
-1.16614 2.94162 14.5495 
-1.40952 3.03252 14.4352 
-0.764241 2.48417 14.5458 
-1.22214 2.93464 14.4248 
-1.02896 2.49405 14.5257 
1.29899 3.81515 14.2387 
1.03482 3.75876 14.2434 
-0.850285 2.74204 14.4761 
2.18635 4.44527 14.0294 
-1.8787 3.61717 12.4781 
0.683107 3.44576 12.1627 
1.4304 3.76061 14.2591 
-5.36691 2.94767 11.8098 
2.07346 2.6228 12.0423 
-9.29758 2.0513 8.44692 
-8.70948 2.09751 8.75824 
-9.85118 1.55562 7.45717 
-8.97039 1.81817 8.48256 
-12.1256 0.692621 2.92378 
-12.1682 1.05141 2.81552 
-8.12322 2.01824 9.39306 
-12.4138 1.05401 2.16125 
-0.342893 2.96447 12.2781 
-0.249885 2.9797 12.4 
2.1227 2.91364 12.042 
2.07574 2.64795 11.9837 
-0.668965 2.20105 12.19 
-0.0630586 1.61272 13.0578 
-12.2288 0.87857 2.85313 
-12.1541 1.32192 3.86554 
-11.3918 1.8845 5.26105 
-11.3025 1.20874 5.89334 
4.93849 1.99555 11.7577 
-6.67562 2.33942 11.3697 
7.96083 2.16108 9.77619 
7.93244 2.00436 9.67249 
7.19732 1.82929 10.1489 
8.22037 1.72605 9.14454 
9.25928 1.50566 8.22242 
9.39968 1.71691 8.11826 
9.33453 0.81053 8.93738 
9.18485 2.45917 8.40501 
9.0501 2.51648 9.222 
8.22153 2.97959 10.0413 
7.87174 2.90573 10.3711 
-8.79235 2.69103 9.70736 
-11.7435 1.46484 5.85129 
2.23021 4.27442 14.1472 
-3.50693 2.05896 16.8002 
-4.271 -0.523844 16.6091 
-3.87265 -0.2181 16.6285 
1.03316 3.29003 14.5827 
1.07711 3.75997 14.3458 
0.770064 3.13787 14.5123 
-3.64434 2.12362 16.8077 
-0.0955101 3.37627 14.4717 
-3.95434 -8.35509 14.6563 
-3.10485 2.2663 17.0685 
-2.98261 -6.70836 15.9056 
-4.06224 1.63226 17.0943 
-3.83818 -6.21484 16.0521 
-1.39689 3.64133 14.1975 
-3.47029 2.62062 17.1925 
-4.55074 4.22753 13.2133 
-5.16777 4.12779 13.0924 
-5.78381 3.60346 12.9741 
-5.23412 3.54771 13.17 
-3.581 4.67286 13.3488 
-2.04469 3.84143 13.9546 
-5.25191 4.08899 12.9784 
-6.01143 2.72927 12.9709 
-7.37749 2.04702 12.3684 
-7.35438 1.97889 13.3311 
-7.116 1.76484 13.4794 
-6.25958 1.45701 13.9231 
-6.77847 2.15648 13.404 
-6.90571 2.79275 13.0923 
-6.94346 1.80953 13.094 
-6.84425 2.11348 13.025 
-6.46619 2.30449 13.1664 
-5.25499 2.03502 13.6814 
-4.88039 1.6441 13.7654 
-4.66556 1.70766 13.737 
-5.64898 1.76741 13.2987 
-6.564 1.47531 12.8989 
