-0.455109 1.81703 -3.7155 
-1.66075 2.05794 -4.28244 
-1.60383 2.00221 -4.16627 
-1.55664 1.94704 -4.0543 
-1.18824 1.9534 -4.03595 
-0.87838 1.88878 -3.89155 
-0.791957 1.86224 -3.82927 
-0.570819 1.84334 -3.78113 
-1.096 1.90243 -3.93549 
-0.306206 1.79285 -3.64212 
-0.142456 1.76202 -3.57935 
-1.73558 2.10911 -4.39617 
-1.82965 2.16086 -4.50286 
-1.93913 2.1996 -4.59096 
-2.06188 2.22483 -4.66837 
-2.15602 2.23668 -4.72476 
-2.49073 2.19174 -4.6935 
-2.33888 2.2093 -4.70598 
-2.7785 2.09606 -4.55437 
-3.86346 1.77132 -3.93552 
-3.94168 1.7673 -3.9209 
-4.03698 1.76079 -3.90693 
-3.8107 1.77327 -3.95588 
-4.14534 1.75584 -3.89031 
-4.27012 1.7522 -3.88034 
-4.40404 1.75038 -3.87681 
-4.53853 1.7553 -3.88644 
-4.68372 1.75838 -3.89397 
-4.90458 1.73463 -3.84542 
-5.14044 1.7015 -3.78028 
-5.34046 1.68925 -3.76033 
-5.48722 1.71164 -3.80808 
-5.63155 1.7321 -3.87278 
-5.77791 1.7716 -3.93743 
-5.92807 1.80157 -3.99951 
-6.08513 1.81118 -4.0505 
-6.24275 1.81745 -4.08094 
-6.41288 1.81979 -4.08739 
0.0274998 1.73635 -3.53139 
0.197784 1.72109 -3.49423 
0.370168 1.71152 -3.47315 
-6.58518 1.81173 -4.08822 
0.557973 1.70777 -3.47467 
-6.76564 1.79981 -4.07447 
-7.00171 1.72718 -3.97354 
1.14086 1.66591 -3.39009 
1.50114 1.66328 -3.3585 
1.75266 1.66076 -3.35407 
1.95736 1.67536 -3.38359 
2.1537 1.69161 -3.41705 
2.33826 1.7096 -3.45156 
2.51512 1.72819 -3.47624 
2.68879 1.73515 -3.47027 
2.86331 1.72664 -3.43264 
3.03084 1.70009 -3.36757 
3.18682 1.66955 -3.28 
3.3277 1.62499 -3.16819 
3.45496 1.57311 -3.03776 
3.57355 1.51236 -2.89242 
3.69679 1.44254 -2.74151 
3.82642 1.37975 -2.60201 
3.96233 1.3213 -2.4763 
4.10773 1.27146 -2.36608 
4.32451 1.18113 -2.1665 
4.47369 1.14756 -2.07935 
4.69225 1.06232 -1.87865 
4.83402 1.03927 -1.80569 
4.98779 1.00565 -1.70624 
5.11808 0.99776 -1.65989 
5.23852 0.994893 -1.62504 
5.34644 0.997977 -1.60171 
5.43692 1.00823 -1.58798 
5.51269 1.02463 -1.58316 
5.58695 1.03384 -1.58859 
5.76672 0.92427 -1.37601 
5.99983 0.675713 -0.868022 
6.19977 0.451377 -0.418177 
6.36036 0.342135 -0.212848 
6.544 0.341346 -0.232065 
6.75061 0.341396 -0.259051 
6.97152 0.353487 -0.284877 
7.21383 0.312163 -0.199081 
7.42356 0.329601 -0.20012 
7.62915 0.362986 -0.235566 
7.83935 0.320866 -0.126182 
8.00485 0.0946335 0.359963 
8.17063 0.120163 0.331389 
8.31816 0.156398 0.286587 
8.44524 0.19596 0.232955 
8.5501 0.240807 0.177609 
8.63815 0.288364 0.120003 
8.71634 0.329831 0.048593 
8.79463 0.325293 0.0622778 
8.85654 0.244656 0.233449 
8.91921 0.278434 0.171801 
8.97777 0.318652 0.0978729 
9.0283 0.35759 0.0255286 
9.07367 0.391866 -0.0423736 
9.11342 0.423629 -0.102418 
9.14852 0.451647 -0.15017 
9.17707 0.475698 -0.18373 
9.19674 0.492397 -0.198827 
9.2103 0.502991 -0.20893 
9.21684 0.508844 -0.214424 
-7.54254 1.28945 -3.28264 
-8.31528 0.345831 -1.53568 
-8.38032 0.308529 -1.49637 
-8.43474 0.312521 -1.46842 
-8.49425 0.324861 -1.47738 
-8.56597 0.331416 -1.47258 
-8.72764 -0.368403 -0.0966142 
-8.81413 -0.679605 0.587735 
-8.90626 -0.643628 0.537296 
-9.00091 -0.602046 0.473832 
-9.09781 -0.55571 0.401165 
-9.19733 -0.50411 0.320596 
-9.29826 -0.445767 0.225825 
-9.40924 -0.368401 0.100514 
-9.52373 -0.232995 -0.154469 
-9.63959 -0.151969 -0.303609 
-9.76592 -0.107327 -0.384714 
-9.89839 -0.0682989 -0.46544 
-10.0344 -0.029636 -0.534748 
-10.1746 0.00580914 -0.611827 
-10.3165 0.0431262 -0.689606 
-10.4572 0.0801287 -0.771514 
-10.6 0.120344 -0.859264 
-10.7407 0.148478 -0.948731 
-10.857 0.142965 -1.05628 
