0.172462 0.380562 -1.76782 
-0.941307 0.323736 -1.71137 
-0.370947 0.351338 -1.72911 
0.678363 0.41294 -1.82759 
1.13109 0.448168 -1.93007 
1.52302 0.49214 -2.08859 
1.8468 0.549078 -2.3159 
2.09819 0.622701 -2.62667 
2.27223 0.717653 -3.02625 
2.4173 0.818291 -3.49642 
2.58507 0.915424 -3.98563 
2.82363 1.01024 -4.41844 
3.14701 1.08882 -4.78564 
3.5585 1.15213 -5.06734 
4.05243 1.20229 -5.25946 
4.59951 1.24562 -5.34771 
5.15849 1.28264 -5.36079 
5.6862 1.32065 -5.37965 
6.1721 1.3543 -5.41485 
6.60284 1.39799 -5.47349 
7.00517 1.42915 -5.5551 
7.29017 1.49071 -5.81054 
7.60898 1.54478 -5.99213 
7.86222 1.6139 -6.25003 
7.86048 1.74619 -6.83367 
7.49122 1.93093 -7.78271 
7.15519 2.08755 -8.55452 
6.87867 2.21147 -9.17056 
6.62026 2.31126 -9.6894 
6.34458 2.39358 -10.1255 
6.05311 2.47059 -10.4964 
5.74757 2.533 -10.8288 
5.43233 2.59373 -11.1416 
5.18325 2.64322 -11.4217 
4.96961 2.69248 -11.6745 
4.76105 2.75323 -11.9338 
4.54333 2.8016 -12.2001 
4.42371 2.84356 -12.4491 
4.18035 2.88086 -12.7385 
3.77195 2.95369 -13.1208 
3.4282 3.00077 -13.4887 
3.27639 3.0242 -13.7765 
2.36932 3.08128 -14.1228 
1.98385 3.10518 -14.257 
1.56513 3.11431 -14.3118 
1.15148 3.12179 -14.338 
0.686947 3.11745 -14.3988 
0.777261 3.11779 -14.4114 
0.817227 3.1241 -14.4152 
0.746981 3.11167 -14.4319 
0.790808 3.14179 -14.4367 
-1.52269 0.293904 -1.71278 
