-0.287306 1.83643 -3.80053 
-1.11559 1.81344 -3.82125 
-1.17088 1.81155 -3.82035 
-1.22521 1.80862 -3.81771 
-1.28868 1.80267 -3.81182 
-1.36204 1.79544 -3.8033 
-1.04169 1.81724 -3.82472 
-0.966261 1.82297 -3.8303 
-1.44335 1.78719 -3.79008 
-1.52289 1.77915 -3.7779 
-1.59751 1.7717 -3.76231 
-1.65791 1.76682 -3.75423 
-1.69595 1.76415 -3.74996 
-1.75576 1.75594 -3.73921 
-1.82387 1.74625 -3.72161 
-1.88962 1.73855 -3.70523 
-1.95483 1.72595 -3.68654 
-2.01938 1.71297 -3.66678 
-2.08079 1.70252 -3.6437 
-2.14287 1.68923 -3.62354 
-2.20386 1.67557 -3.60052 
-2.26182 1.66347 -3.579 
-2.30573 1.65606 -3.56452 
-2.33605 1.64919 -3.55575 
-2.36617 1.6413 -3.54746 
-2.3958 1.63671 -3.54074 
-2.42727 1.63115 -3.53193 
-2.45972 1.62394 -3.52417 
-2.49461 1.61718 -3.51769 
-2.52774 1.61291 -3.51297 
-2.56289 1.60684 -3.50714 
-2.59978 1.60208 -3.5049 
-2.63628 1.60093 -3.50014 
-0.889632 1.82496 -3.83258 
-2.67536 1.59662 -3.49717 
-2.71674 1.59591 -3.49272 
-2.76125 1.59304 -3.49186 
-2.8097 1.58916 -3.48942 
-0.83841 1.82953 -3.8333 
-2.8601 1.58654 -3.48475 
-2.91544 1.58581 -3.48098 
-0.78897 1.82891 -3.82847 
-0.740521 1.82982 -3.82529 
-0.690467 1.83231 -3.82322 
-2.9773 1.58424 -3.47806 
-0.642877 1.83147 -3.82066 
-0.59689 1.83307 -3.81559 
-0.547723 1.83431 -3.81544 
-0.503081 1.83426 -3.81013 
-0.457005 1.83454 -3.80801 
-0.413212 1.83371 -3.80576 
-0.36946 1.83463 -3.80435 
-0.327075 1.83583 -3.80376 
-0.250395 1.83773 -3.80014 
-0.217283 1.8365 -3.79622 
-0.18601 1.83824 -3.79935 
-0.160664 1.83699 -3.79508 
-0.138202 1.83751 -3.79771 
-0.119774 1.83679 -3.79492 
-0.0905478 1.834 -3.79464 
-0.10377 1.83584 -3.7961 
-0.0798656 1.83408 -3.79651 
-0.0709949 1.83192 -3.79718 
-0.057214 1.82577 -3.80407 
-0.0611637 1.82955 -3.80067 
-0.0595408 1.82878 -3.80208 
-0.0655234 1.8325 -3.79743 
-0.215474 1.81584 -3.80082 
-0.213796 1.81664 -3.80118 
-0.253764 1.81243 -3.799 
-0.251258 1.81215 -3.80039 
-0.247066 1.81011 -3.80232 
-0.0895428 1.82568 -3.80674 
-0.24047 1.81065 -3.80366 
-3.04406 1.58277 -3.47763 
-3.11367 1.58 -3.47556 
-0.213552 1.81704 -3.80224 
-3.18789 1.57799 -3.47611 
-3.26568 1.5798 -3.47692 
-3.34737 1.5771 -3.47841 
-3.43679 1.57469 -3.47574 
-3.53296 1.56718 -3.46914 
-3.6399 1.55676 -3.45207 
-3.76951 1.53868 -3.42215 
0.443266 1.81335 -3.78478 
0.441383 1.81299 -3.784 
0.440735 1.81234 -3.78399 
0.439905 1.81302 -3.78438 
0.43899 1.81416 -3.78506 
0.437467 1.81454 -3.7865 
0.47662 1.8145 -3.78285 
0.621073 1.7956 -3.68258 
0.797418 1.80763 -3.73746 
0.798925 1.80534 -3.73838 
0.799386 1.80485 -3.73914 
0.577998 1.81236 -3.78168 
-3.87998 1.5309 -3.41785 
-3.98397 1.52558 -3.41691 
-4.10133 1.51645 -3.39949 
-4.24023 1.49864 -3.37704 
-4.35131 1.49404 -3.37923 
-4.46451 1.48944 -3.38144 
-4.59017 1.47916 -3.3617 
-4.73305 1.45537 -3.32845 
-4.88016 1.42863 -3.28814 
-5.03251 1.39814 -3.23879 
-5.21091 1.34989 -3.15979 
-5.33498 1.33635 -3.15229 
-5.4538 1.3275 -3.14897 
-5.57203 1.31721 -3.14457 
-5.69172 1.30526 -3.14407 
-5.80871 1.29371 -3.14294 
-5.92309 1.2816 -3.14262 
-6.03215 1.26675 -3.14454 
-6.13097 1.24252 -3.15004 
-6.21536 1.22184 -3.15397 
-6.28422 1.19994 -3.15949 
-6.33709 1.18418 -3.16195 
-6.37703 1.17633 -3.16277 
-6.41035 1.1765 -3.15966 
-6.43689 1.17314 -3.1608 
-6.45907 1.17036 -3.16188 
-6.47856 1.16941 -3.16225 
-6.49317 1.16841 -3.1664 
-6.50541 1.16991 -3.17172 
-6.51699 1.17195 -3.17975 
-6.52834 1.17867 -3.18988 
-6.54155 1.18944 -3.2038 
-6.55744 1.20482 -3.22269 
-6.57837 1.2241 -3.24617 
-6.60679 1.24328 -3.27354 
-6.63907 1.26232 -3.30631 
-6.67755 1.28219 -3.34229 
-6.72046 1.30114 -3.37848 
-6.76727 1.32158 -3.41949 
-6.81663 1.34059 -3.46125 
-6.87094 1.36048 -3.50263 
-6.93111 1.37662 -3.54477 
-6.99614 1.39503 -3.58459 
-7.06406 1.40977 -3.62534 
-7.13636 1.42427 -3.66408 
-7.21093 1.44113 -3.70166 
-7.2895 1.45442 -3.73968 
-7.37016 1.47094 -3.77477 
-7.4538 1.48456 -3.81069 
-7.53998 1.49936 -3.84256 
-7.62909 1.51319 -3.87566 
-7.72024 1.52573 -3.90831 
-7.8146 1.54007 -3.93814 
-7.91303 1.55461 -3.9685 
-8.01391 1.56875 -4.00262 
-8.11717 1.58225 -4.03337 
-8.22534 1.59466 -4.06455 
-8.33534 1.60996 -4.09369 
-8.44698 1.62518 -4.12823 
-8.56274 1.63694 -4.15961 
-8.67939 1.65005 -4.19421 
-8.79933 1.66198 -4.22583 
-8.92231 1.67711 -4.2573 
-9.04745 1.68821 -4.29018 
-9.17347 1.70287 -4.32333 
-9.30252 1.71752 -4.35878 
-9.43071 1.72295 -4.40339 
-9.56311 1.73345 -4.4349 
-9.71013 1.73236 -4.43984 
-9.87783 1.7093 -4.40529 
-10.0824 1.64599 -4.30266 
-10.3003 1.57012 -4.16532 
-10.5946 1.39366 -3.84168 
-10.832 1.2896 -3.6362 
-11.0382 1.20151 -3.48049 
-11.2748 1.06946 -3.22636 
-11.5392 0.86697 -2.8414 
-11.8115 0.6235 -2.36269 
-12.0285 0.465649 -2.05514 
-12.2021 0.417409 -1.95503 
-12.3493 0.424534 -1.97832 
-12.4961 0.438833 -2.00507 
-12.6593 0.399825 -1.93128 
-12.8265 0.38223 -1.88733 
-12.9795 0.402041 -1.92498 
-13.1338 0.424228 -1.97005 
-13.2903 0.44255 -2.02264 
-13.4548 0.439801 -2.03214 
-13.6298 0.416669 -2.0053 
-13.8152 0.328136 -1.86785 
-14.0249 0.213079 -1.63445 
-14.1851 0.250157 -1.71329 
-14.3443 0.290497 -1.79921 
-14.5037 0.338762 -1.88422 
-14.6634 0.386157 -1.97663 
-14.8233 0.415651 -2.0844 
-14.9818 0.430343 -2.19051 
-15.1346 0.465398 -2.28721 
-15.2809 0.491316 -2.37977 
-15.4209 0.521894 -2.46569 
-15.5545 0.545532 -2.54312 
-15.6803 0.559697 -2.61149 
-15.7984 0.567412 -2.67268 
-15.9028 0.551037 -2.73223 
-15.9951 0.551246 -2.77179 
-16.079 0.560835 -2.8034 
-16.1553 0.562139 -2.82783 
-16.2261 0.559381 -2.83882 
-16.29 0.548126 -2.84636 
-16.3428 0.513694 -2.85614 
-16.3813 0.490559 -2.86022 
-16.4438 0.464681 -2.80805 
-16.4169 0.481227 -2.84063 
-16.5102 0.316793 -2.50833 
-16.5824 0.122379 -2.11441 
-16.6363 -0.0199904 -1.82002 
-16.6538 -0.0276081 -1.77222 
-16.678 -0.00502393 -1.71919 
-16.7157 -0.0211011 -1.62317 
-16.7871 -0.17511 -1.27655 
-16.8703 -0.373126 -0.854988 
-16.9498 -0.556773 -0.459953 
-17.0299 -0.717595 -0.100473 
-17.1054 -0.936877 0.363366 
-17.1694 -1.18878 0.903012 
-17.2198 -1.45183 1.46556 
-17.2561 -1.71813 2.0318 
-17.3128 -1.91104 2.46815 
-17.4318 -1.94969 2.58396 
-17.5692 -1.95326 2.61626 
-17.7126 -1.95695 2.6428 
-17.8623 -1.95889 2.66235 
-18.0011 -1.9893 2.72133 
-18.1016 -2.14766 3.05075 
-18.2654 -2.15502 3.06829 
-18.4291 -2.19665 3.06608 
-18.5862 -2.23138 3.06508 
-18.7312 -2.28928 3.0511 
-18.8605 -2.34241 3.03922 
-18.9573 -2.40949 3.07012 
-18.9857 -2.59735 3.3706 
-18.9705 -2.82882 3.75377 
-18.9761 -2.98844 4.01934 
-19.0068 -3.07045 4.13376 
-18.9905 -3.20207 4.36655 
-18.9806 -3.30515 4.57409 
-19.0286 -3.30546 4.56267 
-19.0742 -3.29483 4.54367 
-19.118 -3.28271 4.51526 
-19.161 -3.2617 4.4765 
-19.204 -3.23054 4.42589 
-19.2484 -3.19643 4.36899 
-19.245 -3.23377 4.44803 
-19.2679 -3.23596 4.47401 
-19.3187 -3.19086 4.39783 
-19.1797 -3.43542 4.90139 
-19.2362 -3.38029 4.82342 
-19.2987 -3.31284 4.7304 
-19.3646 -3.24997 4.63009 
-19.4346 -3.17919 4.52296 
-19.5089 -3.10091 4.41594 
-19.593 -3.00815 4.30425 
-19.6875 -2.9127 4.19121 
-19.7896 -2.82782 4.07551 
-19.9023 -2.74496 3.96339 
-20.0204 -2.69704 3.8464 
-20.1284 -2.68661 3.73381 
-20.2253 -2.67674 3.63481 
-20.3094 -2.67162 3.55364 
-20.3848 -2.6593 3.48259 
-20.4522 -2.63488 3.42438 
-20.5132 -2.61372 3.37632 
-20.5697 -2.59209 3.33582 
-20.6232 -2.57041 3.29418 
-20.6757 -2.54631 3.26217 
-20.7305 -2.51506 3.23667 
-20.7895 -2.47943 3.215 
-20.8549 -2.44733 3.19571 
-20.9161 -2.43577 3.1981 
-20.9831 -2.44188 3.24183 
-21.0646 -2.41785 3.22491 
-21.129 -2.44398 3.28834 
-21.177 -2.52 3.46002 
-21.2194 -2.61061 3.67554 
-21.2516 -2.73248 3.93238 
-21.2699 -2.88094 4.24857 
-21.2752 -3.05106 4.60346 
-21.2726 -3.22703 4.96867 
-21.2661 -3.40231 5.33081 
-21.254 -3.5784 5.69339 
-21.2281 -3.76678 6.07593 
-21.1935 -3.95606 6.47677 
-21.2281 -4.06254 6.69267 
-21.2847 -4.13845 6.86071 
-21.3436 -4.22035 7.01262 
-21.4001 -4.30199 7.17259 
-21.4569 -4.38291 7.32316 
-21.5082 -4.47157 7.48156 
-21.5584 -4.55341 7.63511 
-21.604 -4.6416 7.78978 
-21.6418 -4.73118 7.94832 
-21.6398 -4.85961 8.18068 
-21.6314 -4.98544 8.41943 
-21.5939 -5.13327 8.69612 
-21.5463 -5.28418 8.98193 
-21.5967 -5.34044 9.08424 
-21.6965 -5.3468 9.07612 
-21.8057 -5.34797 9.03569 
-21.9096 -5.34576 8.99039 
-22.0086 -5.33937 8.93694 
-22.1026 -5.32502 8.87586 
-22.1918 -5.3054 8.81082 
-22.2772 -5.28105 8.74255 
-22.3602 -5.25512 8.65846 
-22.437 -5.21847 8.57336 
-22.5041 -5.16313 8.51413 
-22.5685 -5.12638 8.44757 
-22.6248 -5.10654 8.38746 
-22.67 -5.11535 8.32569 
-22.7046 -5.11897 8.27864 
-22.7351 -5.10994 8.23204 
-22.7608 -5.0936 8.18987 
-22.7825 -5.07483 8.15111 
-22.7835 -5.07629 8.14531 
-22.7603 -5.09902 8.17723 
-22.7321 -5.12211 8.2164 
-22.7379 -5.10475 8.1708 
-22.7448 -5.07846 8.11494 
-22.7501 -5.04868 8.04787 
-22.7532 -5.01732 7.98401 
-22.7584 -4.98043 7.91092 
-22.7641 -4.94015 7.83134 
-22.7746 -4.88784 7.74834 
-22.7924 -4.82071 7.66933 
-22.8168 -4.745 7.5873 
-22.8509 -4.6624 7.50447 
-22.8918 -4.58529 7.41908 
-22.941 -4.50433 7.3411 
-23.0022 -4.4232 7.25222 
-23.0726 -4.34551 7.16912 
-23.151 -4.27171 7.09286 
-23.2407 -4.20219 7.01048 
-23.3362 -4.14553 6.92861 
-23.4346 -4.08984 6.85851 
-23.54 -4.0305 6.78585 
-23.6369 -4.0012 6.73865 
-23.7174 -4.01813 6.74687 
-23.8075 -4.0223 6.72927 
-23.8256 -4.12838 6.88338 
-23.7938 -4.29266 7.18175 
-23.8424 -4.35778 7.28299 
-23.9453 -4.34619 7.22926 
-23.8891 -4.53008 7.53798 
-23.8982 -4.63531 7.72644 
-24.0004 -4.62368 7.67293 
-23.9365 -4.79865 7.98618 
-23.7546 -5.10088 8.58868 
-23.8578 -5.0909 8.54967 
-23.9581 -5.08113 8.49779 
-23.5275 -5.59207 9.48886 
-22.9884 -6.14266 10.6746 
-23.0995 -6.13372 10.6268 
-23.2029 -6.1246 10.5814 
-23.2275 -6.17363 10.6727 
-23.337 -6.15509 10.6212 
-23.4513 -6.13269 10.5511 
-23.5309 -6.13249 10.5223 
-23.2765 -6.40328 11.0842 
-23.3339 -6.4182 11.1236 
-23.4474 -6.39076 11.0508 
-23.5595 -6.35342 10.9821 
-23.6745 -6.30791 10.9073 
-23.7798 -6.27118 10.8368 
-23.5346 -6.52046 11.3548 
-23.6457 -6.4844 11.2918 
-23.7548 -6.45575 11.2081 
-23.2799 -6.87346 12.0398 
-23.3335 -6.87454 12.0769 
-23.4545 -6.8323 11.9777 
-23.5699 -6.79101 11.8834 
-23.6806 -6.74563 11.7873 
-23.7031 -6.77478 11.829 
-23.8026 -6.73995 11.7485 
-23.8976 -6.71068 11.6572 
-23.9796 -6.68906 11.5856 
-24.0438 -6.68085 11.5258 
-24.0272 -6.7608 11.5767 
-23.9055 -6.92232 11.7753 
-23.2496 -7.47029 12.7457 
-22.1316 -8.23953 14.1813 
-20.1901 -9.28322 16.2971 
-18.4935 -10.0299 17.8491 
-18.3259 -10.1088 18.0004 
-18.4069 -10.0765 17.9438 
-18.4898 -10.0391 17.8931 
-18.583 -9.98306 17.8438 
-18.6842 -9.92317 17.7922 
-18.7903 -9.87583 17.7287 
-18.8971 -9.83144 17.6682 
-19.0059 -9.81221 17.5899 
-19.1186 -9.78833 17.5139 
-19.2254 -9.78425 17.4269 
-19.3317 -9.7708 17.3435 
-19.4268 -9.76043 17.2666 
-19.5079 -9.74712 17.1987 
-19.5801 -9.72897 17.1427 
-19.6372 -9.72925 17.0912 
-19.68 -9.72316 17.061 
-19.7162 -9.71846 17.0379 
-19.7453 -9.71731 17.0209 
-19.7695 -9.72624 17.0062 
-19.7891 -9.69472 17.0153 
-19.8023 -9.67552 17.0321 
-19.8174 -9.6641 17.0575 
-19.8288 -9.66377 17.0965 
-19.8374 -9.68148 17.141 
-19.8415 -9.72499 17.1862 
-19.8385 -9.78593 17.2301 
-19.7889 -9.85799 17.3181 
-19.7357 -9.92162 17.4214 
-19.7398 -9.95439 17.472 
-19.75 -9.96553 17.5321 
-19.7669 -9.97531 17.583 
-19.7899 -9.97951 17.6388 
-19.8263 -9.97851 17.688 
-19.6328 -10.0887 17.9228 
-19.0395 -10.3539 18.5091 
-18.3996 -10.6225 19.0999 
-18.2101 -10.724 19.3464 
-18.287 -10.7383 19.378 
-18.3771 -10.7486 19.4017 
-18.4736 -10.7502 19.4263 
-18.5715 -10.7558 19.4467 
-18.6782 -10.7592 19.4653 
-18.7868 -10.7674 19.475 
-18.8953 -10.7693 19.4867 
-19.0106 -10.7814 19.4846 
-19.107 -10.8392 19.4637 
-19.1969 -10.8737 19.4496 
-19.2736 -10.9244 19.4254 
-19.3382 -10.9502 19.4096 
-19.3958 -10.9632 19.3947 
-19.4437 -10.974 19.3738 
-19.4764 -10.9714 19.3702 
-19.5118 -10.9854 19.3435 
-19.5391 -11.0036 19.3087 
-19.561 -11.0043 19.2733 
-19.5807 -10.9807 19.2395 
-19.6031 -10.946 19.1928 
-19.6265 -10.9102 19.1377 
-19.6493 -10.8677 19.0776 
-19.6715 -10.8224 19.0111 
-19.7014 -10.7599 18.9421 
-19.7364 -10.6914 18.8673 
-19.7788 -10.6155 18.7883 
-19.7974 -10.5544 18.7269 
-19.8525 -10.4757 18.6424 
-19.9158 -10.4064 18.5487 
-19.9827 -10.3491 18.4448 
-20.069 -10.2761 18.3334 
-20.1579 -10.2089 18.2317 
-20.2454 -10.1616 18.1282 
-20.3359 -10.1197 18.025 
-20.4334 -10.0606 17.9312 
-20.5226 -10.0317 17.8399 
-20.6048 -10.0148 17.7517 
-20.6847 -9.98806 17.6772 
-20.7634 -9.96556 17.5969 
-20.8387 -9.9491 17.5191 
-20.7116 -10.0286 17.6179 
-20.5093 -10.148 17.7865 
-20.0271 -10.3814 18.1941 
-19.4554 -10.6386 18.6572 
-18.7151 -10.9362 19.2313 
-17.8914 -11.2394 19.8248 
-16.9857 -11.5372 20.4316 
-16.2003 -11.7754 20.9161 
-16.11 -11.803 20.9464 
-16.1709 -11.7774 20.885 
-16.2315 -11.7451 20.8147 
-15.9184 -11.8184 20.9688 
-15.3268 -11.9551 21.2772 
-14.664 -12.1046 21.6044 
-14.3818 -12.1639 21.6987 
-14.4101 -12.136 21.6348 
-14.4904 -12.1009 21.5333 
-14.5697 -12.0618 21.425 
-14.6396 -11.9916 21.3335 
-14.7124 -11.914 21.2551 
-14.7338 -11.8927 21.184 
-14.7145 -11.8955 21.1339 
-14.7498 -11.8864 21.0581 
-14.7848 -11.8771 20.9911 
-14.8132 -11.8706 20.9256 
-14.8382 -11.8548 20.8598 
-14.8664 -11.8258 20.7908 
-14.8981 -11.7837 20.7195 
-14.9304 -11.7319 20.6496 
-14.9692 -11.6814 20.5699 
-15.0083 -11.6357 20.4854 
-15.0586 -11.5787 20.3981 
-15.1168 -11.5141 20.313 
-15.1893 -11.4607 20.2188 
-15.2606 -11.4247 20.1246 
-15.3437 -11.3993 20.0192 
-15.4352 -11.3562 19.9249 
-15.5339 -11.318 19.8339 
-15.6372 -11.2799 19.7477 
-15.7524 -11.2347 19.6557 
-15.8701 -11.1886 19.5663 
-15.9928 -11.1453 19.4674 
-16.1169 -11.1032 19.3711 
-16.2421 -11.0532 19.2746 
-16.3705 -11.003 19.176 
-16.5025 -10.9554 19.0723 
-16.6291 -10.9096 18.9721 
-16.7555 -10.8677 18.8685 
-16.8815 -10.8284 18.7641 
-17.007 -10.7878 18.6606 
-17.1299 -10.7491 18.5569 
-17.2474 -10.712 18.4559 
-17.3606 -10.688 18.3435 
-17.4638 -10.6577 18.2389 
-17.5619 -10.6282 18.1269 
-17.6582 -10.5925 18.0095 
-17.7445 -10.5582 17.8912 
-17.8252 -10.5173 17.771 
-17.9 -10.4764 17.6474 
-17.9677 -10.4328 17.5232 
-18.0302 -10.3865 17.395 
-18.0851 -10.3394 17.2693 
-18.1393 -10.2859 17.1352 
-18.1855 -10.2274 17.009 
-18.2301 -10.1758 16.8726 
-18.2681 -10.1204 16.7473 
-18.3039 -10.0695 16.6109 
-18.3342 -10.0145 16.4839 
-18.3622 -9.96216 16.3454 
-18.3863 -9.90743 16.2222 
-18.4056 -9.87268 16.0831 
-18.3571 -9.87055 16.0014 
-18.2035 -9.90829 16.0081 
-17.6413 -10.1145 16.3582 
-16.9577 -10.3456 16.8001 
-16.7742 -10.4138 16.8071 
-16.795 -10.36 16.682 
-16.8185 -10.322 16.5437 
-16.8116 -10.2908 16.4255 
-16.5293 -10.3484 16.5409 
-16.3263 -10.3772 16.5837 
-16.3592 -10.3229 16.4467 
-16.3973 -10.2702 16.3038 
-16.4324 -10.2348 16.1608 
-16.4703 -10.2148 16.0019 
-16.5033 -10.2003 15.8466 
-16.458 -10.2162 15.7559 
-15.8019 -10.4471 16.1336 
-14.2104 -10.9335 17.11 
-10.4162 -11.8029 19.0496 
-9.36464 -11.9832 19.3911 
-9.42584 -11.9383 19.2873 
-9.49669 -11.8831 19.1705 
-9.63311 -11.7964 19.0354 
-9.98844 -11.6587 18.8112 
-10.107 -11.5631 18.6797 
-10.1686 -11.4708 18.5758 
-10.2231 -11.379 18.4825 
-10.269 -11.3215 18.3837 
-10.3086 -11.2568 18.3087 
-10.3447 -11.2096 18.24 
-10.379 -11.1743 18.1783 
-10.4143 -11.1457 18.1278 
-10.4377 -11.1225 18.0928 
-10.4498 -11.1171 18.0651 
-10.4543 -11.1149 18.0425 
-10.4481 -11.1145 18.0283 
-10.4454 -11.1112 18.0132 
-10.4337 -11.1114 18.0061 
-10.4164 -11.1121 18.0017 
-10.3915 -11.1226 17.9938 
-10.3583 -11.1297 17.9887 
-10.3222 -11.1279 17.987 
-10.2471 -11.1277 18.0057 
-8.97898 -11.3266 18.5255 
-5.99776 -11.6905 19.4339 
-5.93129 -11.7029 19.4394 
-5.73181 -11.7231 19.4802 
-6.02395 -11.6794 19.4389 
-7.21415 -11.5211 19.1424 
-4.045 -11.8508 19.7828 
-4.0964 -11.8508 19.7891 
-4.74389 -11.8019 19.6874 
-2.52649 -11.8881 20.0001 
-0.660646 -11.9043 20.0709 
-0.66061 -11.8743 20.0505 
-0.680449 -11.8515 20.0259 
-0.713351 -11.8362 19.9962 
-0.761062 -11.8195 19.9676 
-0.815215 -11.7972 19.9452 
-0.69418 -11.9221 20.0917 
-0.876696 -11.776 19.9228 
-0.950486 -11.7547 19.9038 
-1.02673 -11.7403 19.8825 
-1.11046 -11.7273 19.8637 
-1.19765 -11.7169 19.8459 
-1.29216 -11.7097 19.8261 
-1.38939 -11.703 19.8107 
-1.49008 -11.6993 19.7894 
-1.60013 -11.6943 19.7681 
-1.71079 -11.689 19.7447 
-1.82422 -11.6812 19.7197 
-1.93554 -11.6719 19.6901 
-2.04835 -11.6618 19.6586 
-2.16447 -11.648 19.6222 
-2.26168 -11.6304 19.5839 
-1.79062 -11.6127 19.597 
0.408476 -11.5557 19.6649 
2.9213 -11.3901 19.5002 
4.06183 -11.2948 19.2948 
3.93838 -11.2878 19.256 
3.81439 -11.2715 19.2108 
3.69061 -11.245 19.1609 
3.57382 -11.2181 19.1 
3.46085 -11.1928 19.0328 
3.35839 -11.1644 18.9585 
3.26488 -11.1299 18.8765 
3.17294 -11.0839 18.7943 
3.09092 -11.023 18.7119 
3.01445 -10.9442 18.6327 
2.94223 -10.8666 18.5536 
2.88806 -10.7764 18.4801 
2.9708 -10.6745 18.4088 
3.1081 -10.5874 18.3313 
3.22406 -10.5093 18.2728 
3.1946 -10.474 18.2312 
3.16592 -10.4445 18.1981 
3.14544 -10.4194 18.1617 
3.13079 -10.3821 18.12 
3.11624 -10.3333 18.0753 
3.10177 -10.2714 18.0279 
3.08597 -10.1973 17.9763 
3.06715 -10.1168 17.9183 
3.02407 -10.0301 17.8604 
2.88409 -9.959 17.8041 
2.77572 -9.88157 17.7421 
2.71057 -9.80467 17.6672 
2.66504 -9.72079 17.5882 
2.61846 -9.64186 17.5031 
2.53066 -9.56451 17.4212 
2.39616 -9.48523 17.3422 
2.23189 -9.4123 17.2597 
2.08986 -9.33663 17.1737 
1.97678 -9.25462 17.0849 
1.86521 -9.1724 16.9923 
1.74564 -9.09023 16.9028 
1.62479 -9.00886 16.8062 
1.50333 -8.92309 16.7108 
1.39309 -8.83561 16.6084 
1.30197 -8.74862 16.5058 
1.20192 -8.6687 16.3922 
1.09959 -8.58562 16.2837 
0.999761 -8.51724 16.1636 
0.909135 -8.45086 16.0377 
1.92111 -8.32495 15.8448 
3.84251 -8.06008 15.4761 
5.64414 -7.73452 14.866 
5.5355 -7.68476 14.7257 
5.38928 -7.63401 14.6039 
5.23809 -7.58126 14.4815 
5.55882 -7.44304 14.2331 
5.56887 -7.36674 14.0478 
5.41282 -7.30987 13.9259 
5.41232 -7.21203 13.773 
5.60355 -7.09125 13.5533 
5.54603 -7.0158 13.4082 
5.5086 -6.9489 13.2757 
5.59771 -6.86928 13.1035 
5.93462 -6.75039 12.8426 
6.34594 -6.61592 12.5601 
6.93173 -6.44131 12.184 
7.56423 -6.24378 11.7673 
8.24768 -6.01778 11.2837 
8.90911 -5.77478 10.7681 
9.46048 -5.55088 10.2694 
9.65491 -5.45218 10.0132 
9.70619 -5.41571 9.85572 
9.62364 -5.42477 9.80288 
9.53602 -5.42862 9.75568 
9.44411 -5.42714 9.70514 
9.34825 -5.41777 9.6464 
9.24966 -5.40431 9.58774 
9.14783 -5.3881 9.52136 
9.04451 -5.37036 9.445 
8.93785 -5.35876 9.36416 
8.83791 -5.34693 9.26946 
8.74698 -5.33914 9.16313 
8.67955 -5.32139 9.02834 
8.60885 -5.29848 8.89569 
8.4972 -5.27785 8.78488 
8.38138 -5.2325 8.684 
8.27296 -5.15189 8.61651 
8.17494 -5.1025 8.53824 
8.08728 -5.05939 8.46876 
8.01292 -5.0249 8.4031 
7.94968 -4.99473 8.34478 
7.89913 -4.96272 8.30112 
7.8589 -4.93728 8.26616 
7.82863 -4.92177 8.23694 
7.80572 -4.91032 8.22049 
7.78791 -4.9018 8.2068 
7.77542 -4.90122 8.20345 
7.76451 -4.90475 8.20125 
7.7556 -4.9075 8.19995 
