-1.39071 1.11174 -5.52129 
-2.04205 1.26642 -5.98269 
-1.69635 1.19403 -5.73753 
-1.0372 1.13954 -5.29049 
-2.4292 1.29536 -6.2717 
-2.84393 1.27517 -6.61835 
-3.23292 1.33898 -6.91744 
-3.53127 1.41395 -7.15075 
-3.73787 1.4486 -7.31005 
-3.86586 1.46971 -7.38131 
-3.94278 1.47448 -7.4061 
-3.98243 1.43657 -7.35661 
-4.00445 1.34914 -7.19874 
-4.00614 1.21974 -6.98412 
-4.04078 1.07345 -6.74401 
-4.05958 0.972876 -6.52092 
-4.12908 0.901082 -6.32241 
-4.31855 0.807867 -6.11693 
-4.89319 0.588435 -5.71187 
-5.26491 0.495211 -5.51472 
-5.61529 0.449538 -5.4139 
-6.02344 0.411249 -5.34608 
-6.47925 0.392613 -5.32146 
0.347405 1.28169 -5.04768 
1.1645 1.31798 -4.59976 
1.52932 1.31164 -4.22703 
1.86219 1.2303 -3.89909 
2.24088 1.09722 -3.57569 
2.68174 0.947092 -3.20794 
3.13853 0.788036 -2.84716 
3.73768 0.569787 -2.33736 
4.21146 0.423159 -1.98205 
4.7101 0.237557 -1.53375 
5.15555 0.117668 -1.23832 
5.61732 0.000813842 -0.954254 
6.07529 -0.184304 -0.525135 
6.53265 -0.285444 -0.269437 
6.97791 -0.391204 0.00734455 
7.45899 -0.632509 0.611492 
7.7804 -0.880616 1.172 
8.17493 -1.03393 1.64664 
8.53445 -1.15864 2.0063 
8.87451 -1.31966 2.50268 
9.2892 -1.41964 2.82156 
9.61913 -1.62892 3.33672 
10.0358 -1.77166 3.67905 
10.447 -1.88559 3.99941 
10.8208 -2.00318 4.30464 
11.1358 -2.12333 4.6144 
11.375 -2.25144 4.94788 
11.5378 -2.3896 5.30215 
11.6365 -2.5285 5.65209 
11.6812 -2.66624 5.9815 
11.6975 -2.79204 6.27185 
11.7096 -2.90318 6.52058 
11.7362 -2.99531 6.72685 
11.7232 -3.10099 6.97394 
11.7811 -3.15611 7.1273 
11.8887 -3.2253 7.26581 
12.0531 -3.32926 7.41262 
12.2889 -3.44526 7.63743 
12.5804 -3.65555 7.93698 
12.9172 -3.79076 8.22464 
13.284 -3.88788 8.4595 
13.6918 -3.9648 8.63274 
14.1262 -4.03336 8.77404 
14.3724 -4.20248 9.15117 
14.5413 -4.40294 9.56251 
14.7797 -4.54477 9.87254 
15.0824 -4.65072 10.1075 
15.3929 -4.75737 10.3311 
15.7015 -4.84577 10.5652 
15.9567 -4.94814 10.8503 
15.9159 -5.20662 11.426 
15.8671 -5.44881 11.9751 
15.7788 -5.69681 12.523 
15.7427 -5.89815 12.9793 
15.7956 -6.03904 13.3314 
16.0604 -6.0594 13.4594 
16.287 -6.08113 13.607 
16.5353 -6.07146 13.7121 
16.75 -6.09366 13.8378 
16.9714 -6.15515 13.9917 
17.2292 -6.25627 14.1937 
17.552 -6.42885 14.4488 
17.9698 -6.67948 14.7683 
18.4385 -6.87354 15.1642 
18.8364 -7.06928 15.6094 
19.1542 -7.26344 16.066 
19.4278 -7.45254 16.4715 
19.6634 -7.62369 16.8387 
19.2302 -8.09798 17.7437 
19.1464 -8.3499 18.2453 
19.3243 -8.44922 18.4487 
19.4987 -8.4958 18.5831 
19.686 -8.50311 18.6471 
19.3688 -8.746 19.1124 
19.181 -8.9799 19.4754 
18.6645 -9.38282 20.1173 
19.0817 -9.4662 20.1146 
-6.93706 0.347611 -5.3461 
-7.28564 0.305449 -5.36868 
-7.54786 0.299609 -5.40617 
-7.74859 0.297306 -5.47568 
-7.88283 0.330352 -5.5549 
-7.99747 0.405771 -5.70041 
-8.10376 0.510884 -5.93294 
-8.20826 0.64398 -6.2175 
-8.33261 0.810785 -6.5479 
-8.51214 0.9891 -6.91674 
-8.7437 1.18143 -7.31927 
-9.01268 1.32777 -7.77683 
-9.34266 1.49347 -8.20009 
-9.69595 1.61131 -8.61989 
-10.048 1.7312 -8.96809 
-10.3835 1.84966 -9.28206 
-10.7894 1.85133 -9.52697 
-11.4672 1.63919 -9.46855 
-12.3765 1.26289 -9.06485 
-13.372 0.797278 -8.41171 
-14.0519 0.577794 -8.1759 
-14.3869 0.694646 -8.47415 
-15.0321 0.521424 -8.24678 
-15.7165 0.311156 -8.0228 
-16.0808 0.419837 -8.395 
-16.4023 0.577773 -8.8259 
-16.6796 0.688222 -9.18684 
-16.9119 0.699778 -9.48735 
-17.061 0.811327 -9.71726 
-17.1967 0.939413 -9.97534 
-17.3378 1.09055 -10.2754 
-17.501 1.24787 -10.6205 
-17.6949 1.39679 -11.0011 
-17.9511 1.54025 -11.3855 
-18.2683 1.64848 -11.7898 
-18.6772 1.82586 -12.1297 
-19.1404 2.0198 -12.4837 
19.6902 -9.50276 20.0463 
-19.6438 2.21196 -12.8644 
-20.1738 2.40073 -13.2601 
-20.7096 2.59004 -13.6677 
-21.2385 2.78232 -14.0694 
-21.7509 2.95393 -14.4794 
-22.2476 3.1259 -14.8873 
-22.715 3.28502 -15.3134 
-23.1254 3.46361 -15.7754 
-23.4891 3.65795 -16.2574 
-23.8044 3.85955 -16.7621 
-24.0739 4.06266 -17.2923 
-24.3032 4.27037 -17.8283 
-24.4964 4.47804 -18.3581 
-24.6548 4.69422 -18.8929 
-24.7867 4.88635 -19.4181 
-25.1208 4.86003 -19.7109 
-26.5139 4.18107 -18.7291 
-26.8859 4.2036 -19.0232 
-27.0449 4.40878 -19.5191 
-27.756 4.25084 -19.3728 
-27.9268 4.4841 -19.9204 
-28.0845 4.64988 -20.4946 
-28.3098 4.66504 -20.9926 
-30.705 3.04395 -18.5095 
20.3451 -9.48009 19.9835 
20.4913 -9.60288 20.3238 
21.0819 -9.4951 20.2495 
21.5126 -9.41388 20.2563 
20.6309 -9.86537 21.2748 
19.4297 -10.3781 22.367 
18.5306 -10.6928 23.11 
17.5159 -10.9826 23.8093 
17.0317 -11.0375 24.0912 
17.1056 -10.8618 23.9869 
16.0977 -11.0712 24.4586 
15.6914 -11.1163 24.6144 
15.8256 -11.1767 24.5549 
16.0695 -11.1623 24.5408 
16.3717 -11.2037 24.5821 
16.7223 -11.3018 24.696 
17.1647 -11.4235 24.8834 
17.6827 -11.5926 25.1381 
18.2572 -11.808 25.451 
18.8819 -12.0369 25.7993 
19.5356 -12.1302 26.2043 
20.168 -12.2578 26.5756 
20.0799 -12.6279 27.3474 
19.9285 -12.9837 28.0794 
20.4169 -13.0868 28.4008 
21.0315 -13.124 28.5914 
21.1208 -13.2995 29.0446 
21.7045 -13.3129 29.1676 
20.9529 -13.7271 30.0481 
18.5312 -14.5823 31.6743 
17.3962 -15.0336 32.5433 
15.6467 -15.597 33.5794 
14.8452 -15.9245 34.2051 
14.8799 -16.0625 34.537 
15.3595 -16.12 34.7102 
15.8807 -16.1383 34.8572 
16.4018 -16.1698 34.9796 
16.9102 -16.1987 35.0961 
17.3983 -16.2306 35.2148 
17.865 -16.2386 35.3355 
18.3142 -16.2704 35.4454 
18.734 -16.2879 35.5582 
19.1299 -16.3291 35.6699 
19.5061 -16.3691 35.7873 
19.8744 -16.4254 35.8966 
20.2187 -16.4834 36.0141 
20.5324 -16.5382 36.1458 
20.8106 -16.6029 36.2794 
21.0484 -16.656 36.4242 
21.2509 -16.6969 36.5544 
21.415 -16.7189 36.6671 
21.5342 -16.7123 36.7491 
21.6045 -16.7074 36.7984 
21.6748 -16.711 36.8099 
21.7608 -16.7154 36.8008 
21.8951 -16.7187 36.7694 
22.0662 -16.7168 36.7389 
22.3124 -16.8096 36.679 
22.684 -16.9134 36.608 
23.1434 -16.9523 36.56 
23.6499 -16.9428 36.5151 
24.1488 -16.9089 36.4792 
23.9102 -17.1101 36.834 
23.5752 -17.308 37.2307 
23.5469 -17.4333 37.4592 
24.0147 -17.4119 37.4579 
24.0007 -17.5043 37.6905 
24.3621 -17.4947 37.7243 
24.1711 -17.6153 38.0205 
24.3614 -17.6292 38.1137 
24.7105 -17.5824 38.1206 
25.0321 -17.5305 38.1163 
25.308 -17.4646 38.1274 
25.541 -17.399 38.1245 
25.7485 -17.3529 38.1175 
25.9167 -17.306 38.1168 
26.0721 -17.2691 38.1083 
26.2294 -17.2348 38.081 
26.3594 -17.2096 38.0555 
26.4988 -17.171 38.0195 
26.6215 -17.1481 37.9846 
26.3499 -17.2578 38.1697 
25.847 -17.4339 38.4801 
25.3347 -17.6029 38.79 
24.8312 -17.7896 39.0925 
24.3711 -17.9553 39.3764 
24.3281 -18.0113 39.4596 
23.7667 -18.1996 39.8066 
23.2124 -18.3831 40.142 
23.0165 -18.4692 40.3092 
22.827 -18.5504 40.4902 
22.4025 -18.6932 40.7723 
22.5091 -18.7157 40.8171 
22.666 -18.7139 40.8468 
22.8278 -18.7074 40.8792 
22.9759 -18.7022 40.9123 
23.1093 -18.6945 40.947 
23.2403 -18.6803 40.9775 
23.3471 -18.6698 41.013 
23.421 -18.6535 41.0495 
23.4759 -18.6336 41.0828 
23.4934 -18.6136 41.1229 
23.489 -18.6069 41.1512 
23.4722 -18.6098 41.1701 
23.4362 -18.5986 41.1943 
25.079 -18.1417 40.4245 
25.5069 -18.0124 40.2219 
25.4667 -18.0121 40.2445 
23.5276 -18.5681 41.1311 
17.9113 -19.7383 43.3764 
17.8608 -19.7472 43.3898 
17.9256 -19.7572 43.3559 
17.6673 -19.715 43.8342 
13.8423 -20.4763 44.4909 
16.0341 -20.1173 43.8671 
-34.4208 -0.168569 -12.1415 
-34.7513 0.0338584 -12.5631 
-34.8636 0.540002 -13.5142 
-35.1031 0.86533 -14.0345 
-35.334 1.03593 -14.4601 
-35.5254 1.18663 -14.7698 
-35.6787 1.3053 -14.9877 
-35.7893 1.32863 -15.1179 
-35.8426 1.32366 -15.1794 
-35.8389 1.33719 -15.2117 
-35.7368 1.31402 -15.2081 
-35.8079 1.33257 -15.2102 
-36.4023 0.35471 -13.2733 
-37.6006 -1.80751 -8.79916 
-37.6161 -1.7583 -8.89093 
-37.9224 -3.13337 -6.13731 
-37.8417 -2.67237 -7.09893 
-38.1701 -5.16807 -1.34045 
-38.0588 -5.31211 -1.26875 
-38.0564 -5.51635 -1.29808 
-38.3692 -5.04924 -1.42714 
-38.6319 -4.92847 -1.49829 
-38.9528 -4.82513 -1.55289 
-39.3197 -4.75105 -1.60168 
-39.7382 -4.67911 -1.62655 
-40.1978 -4.61189 -1.67159 
-40.6851 -4.56291 -1.73376 
-41.1841 -4.51196 -1.82772 
-41.6371 -4.94028 -0.999465 
-40.8798 -8.91826 7.02712 
-40.8162 -9.89381 9.11504 
-41.3297 -9.85218 8.95195 
-41.8033 -9.7661 8.71764 
-42.2175 -9.66087 8.43602 
-42.5693 -9.45336 8.12206 
-42.8618 -9.16379 7.79023 
-43.0234 -9.0329 7.76066 
-43.0307 -9.15926 8.18406 
-43.152 -9.0153 8.05777 
-43.2241 -8.84021 7.9234 
-43.2794 -8.58222 7.75642 
-43.3483 -8.20063 7.56425 
-43.5154 -7.62494 7.10488 
-43.6898 -7.10028 6.62598 
-43.8667 -6.69389 6.32544 
-44.1325 -6.16834 5.80479 
-44.4523 -5.58126 5.11412 
-44.7697 -5.09803 4.61015 
-45.1173 -4.62554 4.09983 
-45.4829 -4.15722 3.60217 
-45.8602 -3.76054 3.20466 
-46.2537 -3.40727 2.76438 
-46.2884 -4.38763 4.78409 
-44.2631 -8.74372 13.7877 
-44.8157 -8.51648 13.4435 
-44.9152 -8.77774 14.0987 
-45.3726 -8.71796 14.063 
-45.4255 -9.16383 14.8609 
-45.771 -9.29358 14.9049 
-45.4304 -10.1717 16.3676 
-44.0682 -11.8853 19.4886 
-41.6058 -14.1184 23.5928 
-38.5781 -16.2425 27.4864 
-37.7353 -16.875 28.5505 
-38.0875 -16.7897 28.3361 
-38.477 -16.6693 28.0818 
-38.8885 -16.5228 27.7966 
-39.3202 -16.3512 27.4673 
-39.6912 -16.2608 27.1543 
-39.8906 -16.2975 27.021 
-40.3456 -16.1716 26.5721 
-40.7697 -15.9717 26.1593 
-41.1031 -15.8478 25.8028 
-41.3369 -15.8111 25.4933 
-41.4901 -15.7639 25.2645 
-41.5851 -15.7316 25.1122 
-41.6449 -15.738 25.0074 
