1032.77 0 640 0 1032.77 360 0 0 1 
1034.6 0 640 0 1034.6 360 0 0 1 
1031.66 0 640 0 1031.66 360 0 0 1 
1035.09 0 640 0 1035.09 360 0 0 1 
1034.85 0 640 0 1034.85 360 0 0 1 
1033.92 0 640 0 1033.92 360 0 0 1 
1034.1 0 640 0 1034.1 360 0 0 1 
1032.36 0 640 0 1032.36 360 0 0 1 
1030.97 0 640 0 1030.97 360 0 0 1 
1030.38 0 640 0 1030.38 360 0 0 1 
1031.42 0 640 0 1031.42 360 0 0 1 
1029.65 0 640 0 1029.65 360 0 0 1 
1034.4 0 640 0 1034.4 360 0 0 1 
1034.41 0 640 0 1034.41 360 0 0 1 
1033.77 0 640 0 1033.77 360 0 0 1 
1031.48 0 640 0 1031.48 360 0 0 1 
1030.46 0 640 0 1030.46 360 0 0 1 
1030.76 0 640 0 1030.76 360 0 0 1 
1030.94 0 640 0 1030.94 360 0 0 1 
1030.52 0 640 0 1030.52 360 0 0 1 
1030.65 0 640 0 1030.65 360 0 0 1 
1030.19 0 640 0 1030.19 360 0 0 1 
1030.63 0 640 0 1030.63 360 0 0 1 
1030.09 0 640 0 1030.09 360 0 0 1 
1030.54 0 640 0 1030.54 360 0 0 1 
1030.46 0 640 0 1030.46 360 0 0 1 
1032.77 0 640 0 1032.77 360 0 0 1 
1032.56 0 640 0 1032.56 360 0 0 1 
1032.85 0 640 0 1032.85 360 0 0 1 
1033.14 0 640 0 1033.14 360 0 0 1 
1032.18 0 640 0 1032.18 360 0 0 1 
1032.2 0 640 0 1032.2 360 0 0 1 
1032.2 0 640 0 1032.2 360 0 0 1 
1031.39 0 640 0 1031.39 360 0 0 1 
1031.25 0 640 0 1031.25 360 0 0 1 
1031.6 0 640 0 1031.6 360 0 0 1 
1032.3 0 640 0 1032.3 360 0 0 1 
1032.86 0 640 0 1032.86 360 0 0 1 
1032.93 0 640 0 1032.93 360 0 0 1 
1033.89 0 640 0 1033.89 360 0 0 1 
1033.02 0 640 0 1033.02 360 0 0 1 
1032.58 0 640 0 1032.58 360 0 0 1 
1036.65 0 640 0 1036.65 360 0 0 1 
1036.94 0 640 0 1036.94 360 0 0 1 
1037.34 0 640 0 1037.34 360 0 0 1 
1037.1 0 640 0 1037.1 360 0 0 1 
1032.21 0 640 0 1032.21 360 0 0 1 
1034.68 0 640 0 1034.68 360 0 0 1 
1033.8 0 640 0 1033.8 360 0 0 1 
1033.63 0 640 0 1033.63 360 0 0 1 
1033.02 0 640 0 1033.02 360 0 0 1 
1033.93 0 640 0 1033.93 360 0 0 1 
1033.2 0 640 0 1033.2 360 0 0 1 
1031.43 0 640 0 1031.43 360 0 0 1 
1029.67 0 640 0 1029.67 360 0 0 1 
1030.27 0 640 0 1030.27 360 0 0 1 
1036.34 0 640 0 1036.34 360 0 0 1 
1035.02 0 640 0 1035.02 360 0 0 1 
1034.01 0 640 0 1034.01 360 0 0 1 
1033.69 0 640 0 1033.69 360 0 0 1 
1032.88 0 640 0 1032.88 360 0 0 1 
1033.25 0 640 0 1033.25 360 0 0 1 
1033.2 0 640 0 1033.2 360 0 0 1 
1031.79 0 640 0 1031.79 360 0 0 1 
1033.12 0 640 0 1033.12 360 0 0 1 
1032.16 0 640 0 1032.16 360 0 0 1 
1031.78 0 640 0 1031.78 360 0 0 1 
1030.7 0 640 0 1030.7 360 0 0 1 
1031.03 0 640 0 1031.03 360 0 0 1 
1031.05 0 640 0 1031.05 360 0 0 1 
1030.78 0 640 0 1030.78 360 0 0 1 
1028.88 0 640 0 1028.88 360 0 0 1 
1029.31 0 640 0 1029.31 360 0 0 1 
1030.01 0 640 0 1030.01 360 0 0 1 
1027.57 0 640 0 1027.57 360 0 0 1 
1027.79 0 640 0 1027.79 360 0 0 1 
1029.46 0 640 0 1029.46 360 0 0 1 
1028.84 0 640 0 1028.84 360 0 0 1 
1028.79 0 640 0 1028.79 360 0 0 1 
1028.36 0 640 0 1028.36 360 0 0 1 
1027.64 0 640 0 1027.64 360 0 0 1 
1026.07 0 640 0 1026.07 360 0 0 1 
1024.22 0 640 0 1024.22 360 0 0 1 
1031.92 0 640 0 1031.92 360 0 0 1 
1025.23 0 640 0 1025.23 360 0 0 1 
1027.3 0 640 0 1027.3 360 0 0 1 
1027.8 0 640 0 1027.8 360 0 0 1 
1027.97 0 640 0 1027.97 360 0 0 1 
1028.81 0 640 0 1028.81 360 0 0 1 
1028.32 0 640 0 1028.32 360 0 0 1 
1027.99 0 640 0 1027.99 360 0 0 1 
1027.9 0 640 0 1027.9 360 0 0 1 
1027.98 0 640 0 1027.98 360 0 0 1 
1028.21 0 640 0 1028.21 360 0 0 1 
1027.5 0 640 0 1027.5 360 0 0 1 
1027.67 0 640 0 1027.67 360 0 0 1 
1027.3 0 640 0 1027.3 360 0 0 1 
1025.7 0 640 0 1025.7 360 0 0 1 
1026.32 0 640 0 1026.32 360 0 0 1 
1025.91 0 640 0 1025.91 360 0 0 1 
1027.05 0 640 0 1027.05 360 0 0 1 
1026.94 0 640 0 1026.94 360 0 0 1 
1025.95 0 640 0 1025.95 360 0 0 1 
1025.73 0 640 0 1025.73 360 0 0 1 
1025.71 0 640 0 1025.71 360 0 0 1 
1024.77 0 640 0 1024.77 360 0 0 1 
1024.95 0 640 0 1024.95 360 0 0 1 
1024.54 0 640 0 1024.54 360 0 0 1 
1022.95 0 640 0 1022.95 360 0 0 1 
1022.81 0 640 0 1022.81 360 0 0 1 
1026.49 0 640 0 1026.49 360 0 0 1 
1025.85 0 640 0 1025.85 360 0 0 1 
1023.88 0 640 0 1023.88 360 0 0 1 
1026.01 0 640 0 1026.01 360 0 0 1 
1026.53 0 640 0 1026.53 360 0 0 1 
1024.64 0 640 0 1024.64 360 0 0 1 
1026.21 0 640 0 1026.21 360 0 0 1 
1026.88 0 640 0 1026.88 360 0 0 1 
1022.96 0 640 0 1022.96 360 0 0 1 
1022.57 0 640 0 1022.57 360 0 0 1 
1025.31 0 640 0 1025.31 360 0 0 1 
1023 0 640 0 1023 360 0 0 1 
1024.07 0 640 0 1024.07 360 0 0 1 
1023.27 0 640 0 1023.27 360 0 0 1 
1026.52 0 640 0 1026.52 360 0 0 1 
1025.73 0 640 0 1025.73 360 0 0 1 
1026.97 0 640 0 1026.97 360 0 0 1 
1026.15 0 640 0 1026.15 360 0 0 1 
1026.66 0 640 0 1026.66 360 0 0 1 
1025.16 0 640 0 1025.16 360 0 0 1 
1024.62 0 640 0 1024.62 360 0 0 1 
1024.16 0 640 0 1024.16 360 0 0 1 
1024.93 0 640 0 1024.93 360 0 0 1 
1024.95 0 640 0 1024.95 360 0 0 1 
1025.6 0 640 0 1025.6 360 0 0 1 
1025.3 0 640 0 1025.3 360 0 0 1 
1025.25 0 640 0 1025.25 360 0 0 1 
1025.99 0 640 0 1025.99 360 0 0 1 
1024.74 0 640 0 1024.74 360 0 0 1 
1025.04 0 640 0 1025.04 360 0 0 1 
1031.03 0 640 0 1031.03 360 0 0 1 
1028.23 0 640 0 1028.23 360 0 0 1 
1034.15 0 640 0 1034.15 360 0 0 1 
