-0.821254 -3.31373 -6.52745 
-2.46668 -3.44693 -6.49619 
-2.01509 -2.97227 -7.77617 
-0.699954 -3.49013 -6.90238 
3.09621 0.647837 -7.58518 
3.02649 -3.11253 -8.27288 
3.14377 0.441448 -8.73933 
3.02098 -5.12393 -8.49889 
3.52321 -0.577509 -9.75895 
2.55645 -6.04046 -6.59304 
2.2824 -7.82238 -6.34463 
3.35879 -6.82287 -8.21626 
1.85052 -9.66162 -5.22531 
3.4612 -8.04183 -7.74323 
1.88492 -10.4703 -4.71061 
1.92614 -11.1314 -4.56407 
2.82897 -3.32374 -6.93841 
3.79072 -7.68889 -8.75852 
-3.855 -5.05236 -7.57026 
-3.79167 -2.84857 -8.75675 
-1.33048 -3.45923 -9.69091 
-1.28681 -6.02901 -8.25139 
-4.54956 -3.89247 -6.85867 
0.244819 -3.62585 -6.34114 
1.14801 -3.38888 -6.06643 
1.714 -3.42997 -5.8972 
3.0606 -3.52885 -5.34248 
4.17411 -3.25187 -5.17294 
2.21617 -10.4665 -6.74205 
-6.81661 -3.69731 -7.05198 
3.75178 -4.07443 -10.9831 
1.45814 -11.2301 -6.85768 
3.42817 -3.03656 -10.7819 
3.72524 -1.77189 -10.4391 
1.8401 -5.8399 -8.4397 
0.334903 -3.17531 -5.95852 
7.01147 -3.79274 -6.66289 
4.46346 -4.35715 -8.20402 
-10.3302 -3.39442 -5.4379 
6.08254 -4.16686 -7.72139 
2.03641 -2.76693 -5.44853 
2.56771 -10.4766 -8.29888 
2.01582 -12.3022 -6.15738 
3.6981 -2.84364 -8.76043 
2.95352 -2.52463 -4.71612 
1.42808 -12.5465 -6.7927 
-13.0478 -2.06945 -3.26509 
8.63332 -3.52601 -5.93223 
8.95544 -2.77138 -5.28881 
4.93805 -2.39998 -3.4971 
1.4568 -12.9869 -6.87173 
-15.2658 -0.92396 -1.14038 
8.61487 -2.382 -3.93976 
8.0874 -2.33689 -2.81679 
9.43983 -1.94777 -1.55959 
10.5261 -2.04491 -2.61396 
9.80122 -1.92523 -2.27003 
6.77206 -2.09684 -2.91375 
9.9269 -2.31956 -2.70488 
11.1925 -2.11 -1.87554 
11.743 -1.00367 -9.36265 
12.981 -5.38488 -5.21522 
14.6523 -1.04356 -2.91565 
13.1564 -1.08876 -8.39271 
15.3991 0.0749891 1.13916 
14.2898 -0.631152 -4.7358 
10.7338 -1.60781 -10.647 
11.8973 -1.05993 -10.2397 
15.4404 -0.116484 -1.40486 
15.9346 0.540781 0.72261 
12.5988 -0.688066 -10.6026 
14.0658 -4.62957 -4.77709 
13.3827 -1.31801 -10.3544 
16.8045 0.317481 0.50281 
17.2477 0.090322 0.126974 
14.2528 -1.1957 -9.91304 
17.2671 0.378664 3.39495 
17.3304 0.360109 5.76074 
17.5342 0.534569 6.78229 
16.1396 -0.302252 10.6066 
15.7639 -0.992933 -4.23093 
15.9595 -0.340917 -3.36109 
16.2705 -0.111976 -1.20047 
16.7413 -0.0342537 -1.63633 
15.973 -2.02604 -2.56434 
16.7665 -0.472205 -1.37387 
13.7911 -1.06972 -11.8002 
13.7728 -1.04792 -12.6343 
14.6509 -0.953082 -12.4954 
17.3072 -1.51432 -3.73136 
17.5325 -0.26158 0.696509 
17.342 -0.411415 -0.0546788 
17.7054 -0.305484 2.05644 
15.5149 -0.573787 -12.217 
17.8267 0.115458 3.33382 
18.3381 -2.58895 -5.84624 
1.5684 -18.8315 1.99239 
1.30197 -19.1736 4.84992 
19.9709 0.761213 0.616954 
-1.91498 19.3593 8.30218 
-1.85811 20.0727 8.31661 
-1.52965 20.1186 9.6205 
21.5362 0.963764 2.22309 
21.7411 -0.493235 -2.12827 
-1.20709 21.5823 7.44866 
-1.22138 22.091 7.6179 
-1.6021 22.3855 8.29306 
-1.85627 22.9556 8.10497 
-1.25759 23.5076 8.02804 
21.6257 2.64349 9.41181 
21.2106 -1.65429 -7.25679 
-1.06045 24.2069 7.41715 
-2.0801 24.2772 8.70207 
23.4848 -0.907909 -3.66754 
-1.93684 25.3499 7.07007 
-1.38869 25.6662 7.86779 
24.341 -0.0291928 -4.8309 
18.9511 4.54499 19.698 
20.0243 0.815306 2.02452 
-2.34227 -16.4207 -9.51743 
19.9977 1.26593 2.3802 
15.7257 4.21968 19.9154 
-2.8411 -17.3925 -9.33279 
21.0061 4.37632 20.3018 
-0.305473 26.7711 5.75929 
-1.96819 26.5113 8.86838 
-2.65481 27.2074 8.35719 
-2.23946 27.609 8.9509 
-2.07323 28.5774 7.62342 
-2.45434 29.2496 7.01387 
20.7229 4.43312 22.9727 
-1.77053 29.7724 7.25426 
-1.83907 30.2775 7.49058 
-2.00109 30.9238 6.7693 
-1.54803 31.2978 7.51196 
-1.38892 31.8976 7.6869 
-1.53858 32.5381 7.3364 
-0.907935 33.2596 6.47668 
-1.68943 33.7538 6.60383 
-1.51405 34.1336 7.35812 
-1.77217 34.5121 8.17835 
25.9225 -0.441899 -5.03718 
27.7475 -0.717378 -4.34557 
-1.65113 35.4256 6.41882 
-2.73437 35.7088 7.48509 
-1.35139 36.7457 5.24892 
-2.67456 36.8488 7.47553 
-1.38213 37.6882 6.75578 
-1.46983 38.5112 5.2212 
-0.844814 39.1578 4.92898 
-3.1091 39.3316 6.84276 
-2.13829 39.776 7.85143 
-3.37361 40.2474 8.00402 
-3.25592 40.594 9.25359 
-3.16204 41.4652 8.06667 
-2.13465 42.4194 6.46016 
-2.42025 43.0075 6.35835 
-1.71924 43.4999 6.92838 
-2.21625 43.4366 10.5258 
-1.53427 44.2207 10.0027 
-0.381217 45.1005 8.62714 
-1.85965 45.1342 11.162 
-0.669393 45.5047 11.6822 
42.1115 -1.2134 -2.88101 
-1.99559 45.6456 12.9352 
-2.62934 42.7115 21.6916 
-5.74635 41.5324 24.9705 
-4.33066 40.295 28.1393 
27.6491 -2.47215 -11.4045 
-4.9185 40.0322 29.279 
17.7456 0.516937 4.81291 
37.4472 8.85793 29.0006 
39.8481 11.5073 28.6921 
35.1654 9.8628 35.1572 
17.1783 11.7969 46.1931 
18.2694 5.65859 26.7818 
39.1389 5.69369 14.5812 
33.0139 3.70177 25.8302 
27.857 6.34543 36.8367 
14.5094 5.97957 44.8578 
21.544 6.42032 38.9061 
22.1167 6.15097 37.106 
43.3743 4.63648 18.9905 
8.98115 10.7118 48.4412 
15.3439 7.96961 47.1123 
17.5235 5.36272 29.3531 
13.7608 8.70649 45.3593 
17.3775 5.7993 31.6933 
18.1687 0.232635 4.12412 
28.7514 -2.70061 -14.1496 
13.3398 6.084 35.2231 
16.181 5.92388 35.6266 
17.3398 6.44738 37.0793 
11.6627 7.31947 38.8397 
-8.58263 38.0385 31.7181 
40.2919 3.7357 29.8195 
38.8954 15.3304 27.9516 
19.9427 0.982101 4.40012 
30.7777 8.50646 39.8616 
36.0211 -4.27221 -13.6084 
33.2461 -4.08315 -14.172 
29.7011 -4.35495 -16.2456 
-4.55446 36.7294 33.7761 
18.0927 0.557608 5.88504 
26.2474 9.166 47.4403 
23.8901 11.9969 48.8054 
30.5905 9.79269 43.7507 
33.9374 7.17397 40.6632 
24.6554 8.4259 45.3355 
41.7768 4.79837 31.1108 
37.3988 5.72934 36.1397 
28.2338 5.35437 45.0859 
29.9496 5.3234 44.8972 
27.5111 4.6102 47.3331 
27.2599 6.49813 48.303 
28.2045 9.31287 47.6965 
21.7087 12.8471 50.0758 
25.3812 10.6192 48.9003 
25.4542 15.7545 49.0766 
26.1269 11.8228 48.3238 
21.7734 6.27076 52.4021 
18.735 0.509829 6.44587 
16.4798 10.6798 55.349 
18.1804 14.5013 51.5283 
-2.50801 35.1057 35.6647 
-1.54626 37.5044 33.022 
33.5513 -1.71822 36.7782 
36.0715 12.6641 31.921 
-19.4419 37.4255 26.9624 
-21.0046 36.0942 27.8316 
-18.7157 37.8936 26.9385 
37.6596 0.345603 31.5553 
39.365 9.40303 27.8 
31.5771 29.094 25.3529 
37.5817 22.3132 22.5268 
36.2971 1.88103 32.6759 
21.9513 17.0069 48.8227 
14.5083 9.45797 56.5386 
9.07969 9.73233 57.7702 
37.4412 25.4835 18.6539 
38.3089 -2.18303 29.9805 
5.51325 11.6603 50.6487 
13.5496 9.25318 50.7697 
11.2876 7.46686 52.4714 
11.9393 22.4537 47.8339 
14.1926 26.4759 44.1693 
13.9393 28.7538 41.3344 
8.63779 24.4865 47.6286 
3.93637 4.15223 54.2247 
6.1292 22.9415 49.0774 
31.0525 16.4915 41.4558 
32.7524 17.2585 36.9199 
32.1125 11.0133 41.2867 
15.3286 -1.13316 1.25088 
26.2526 8.46338 52.0621 
18.0198 10.7112 55.584 
22.1853 23.8586 40.0761 
30.8587 14.3367 39.1941 
27.3168 8.68248 43.7294 
20.7647 14.5677 47.1922 
4.28898 22.1342 46.7654 
1.49697 15.1765 49.224 
3.04938 6.80102 51.4262 
4.09108 5.0658 50.8624 
4.87572 -4.42658 51.7082 
2.43729 5.50857 52.3774 
28.926 23.9395 34.6702 
-6.48805 34.5478 37.1281 
28.4371 -0.833248 42.362 
-10.9778 -2.35281 49.8339 
0.334263 1.77311 52.9785 
-16.8025 17.1547 47.8554 
-0.0776845 2.40101 53.5268 
1.28989 3.4809 53.5728 
-4.03515 8.57915 53.5454 
32.403 -6.14726 37.0487 
34.6279 20.0783 29.4817 
2.55286 40.136 29.2564 
-0.0256685 -1.26442 54.6014 
-1.96924 5.92056 54.7879 
-37.6136 21.04 27.5372 
-37.797 22.0338 23.6185 
-39.3954 1.01854 30.203 
1.14898 -0.748494 55.4856 
39.0891 21.4808 19.7417 
38.2326 -4.71977 29.4287 
39.4662 14.9888 23.9866 
16.1884 9.87652 56.8577 
11.3515 11.1825 58.8185 
15.578 10.2705 58.2174 
15.4406 10.1355 58.124 
7.73852 9.19697 60.4433 
15.9252 9.07037 58.5606 
4.69405 10.8296 61.2029 
13.4412 6.89241 59.7072 
6.05931 10.5284 61.6822 
18.6178 8.64219 56.9171 
10.9399 8.85218 60.1621 
4.66482 10.0157 62.0442 
17.4668 8.25442 56.4272 
1.63293 1.17929 56.3571 
-0.899338 4.84307 55.9071 
3.8723 8.07798 62.7674 
0.594625 9.24593 63.0459 
36.731 -3.76737 31.7964 
-1.76053 11.4861 62.9404 
19.8655 0.582734 7.2302 
19.3492 -2.0699 8.24685 
20.3057 0.547863 9.47431 
20.3985 1.20828 9.53332 
22.0444 1.11555 8.51791 
17.6737 1.16855 12.4591 
7.14934 7.45984 60.9262 
17.9523 0.100899 9.93913 
18.0104 -0.296724 6.49486 
-25.8886 16.7308 41.7958 
-2.27011 10.0696 63.3049 
2.63995 6.19555 61.7453 
-2.91363 8.81473 57.031 
-0.03401 11.7803 63.3642 
-1.7558 9.69952 63.6584 
-17.2519 -0.036751 -0.198382 
-4.43247 2.55277 58.5364 
1.02199 -3.16174 58.173 
-18.4597 0.36114 1.49545 
1.41813 -13.7541 -6.41469 
19.1308 41.1736 17.4161 
-0.879717 2.77057 59.0246 
-19.8947 1.76382 4.61759 
-22.1305 1.08062 1.76829 
-22.3864 1.30049 6.89504 
12.4661 -1.97188 -1.3572 
12.6377 -1.72804 -0.792021 
13.0445 -1.56513 2.15011 
11.6618 -2.04334 -6.01363 
13.2632 -1.44206 1.29068 
14.2912 -1.7812 -1.34658 
13.5613 -1.27902 2.29874 
15.3681 -1.45177 0.0971838 
13.3121 -2.10747 -0.267325 
6.29325 -1.27735 -10.9089 
13.7364 -1.1221 5.59608 
14.9423 -0.990874 5.43887 
0.99579 -1.8393 58.7618 
16.4672 -1.34733 5.00852 
15.7151 -0.870703 6.62685 
17.6624 -0.493714 5.5341 
17.5723 -0.411104 6.62341 
-4.60385 11.9761 62.7501 
-8.59666 12.7596 61.8785 
-6.51878 10.0058 62.2273 
-9.76706 8.98465 61.5254 
-14.3851 7.12307 60.5298 
-24.9398 2.34454 7.32496 
-26.2734 1.50404 6.4009 
-24.0402 3.8209 8.4102 
-21.9163 5.18777 14.3281 
-26.8232 1.26907 4.88504 
-27.4217 1.89879 3.84637 
-28.2673 1.21217 2.29955 
-28.9881 2.03606 2.9621 
-25.3642 2.90759 7.9634 
-29.4044 2.91707 6.34551 
-17.2134 6.41755 21.0757 
-22.0644 5.08082 18.3949 
-28.4628 5.23735 7.04543 
-21.5261 5.74996 22.4849 
-25.0068 1.39925 6.32232 
-24.6594 1.65589 7.139 
-3.72567 -23.5345 14.9575 
-3.93092 -23.614 13.997 
-4.71305 -22.199 15.2567 
-4.9165 -23.3837 15.5847 
-5.16291 -23.1919 16.4531 
-5.30827 -23.8768 16.1811 
-5.57992 -24.6649 15.7767 
-5.69282 -25.6669 15.0834 
-5.3474 -26.2466 15.1316 
-4.39335 -27.2342 14.6051 
-6.52112 -26.2825 16.4721 
-5.30903 -27.7898 15.2494 
-5.68856 -27.5948 16.3089 
-5.80943 -28.177 16.1078 
-6.47651 -28.3587 16.4487 
-6.67441 -27.7139 18.2883 
-6.57257 -28.6297 17.7167 
-5.65824 -30.478 15.6727 
-6.96419 -30.4922 15.9769 
-6.61252 -30.5536 17.0268 
-5.56355 -30.8291 17.6722 
-6.33774 -31.0225 17.8625 
-6.22168 -32.0206 16.8839 
-6.3374 -33.5352 15.7059 
-4.36847 -21.2332 16.0013 
-19.6289 4.52907 26.2067 
-33.1466 2.03336 13.2419 
-4.1889 -20.5531 16.1561 
-32.645 0.948103 12.6118 
-18.6032 8.57331 29.3777 
-32.5454 0.612423 10.9313 
-6.3749 -34.7979 15.5223 
-33.4663 3.72337 16.3205 
-6.14239 -35.4029 17.1325 
-4.04111 -19.8082 16.4916 
-5.77544 -37.1551 15.5244 
-7.0771 -36.5943 18.3639 
-6.58727 -37.8395 17.8573 
-6.32255 -39.3491 16.4735 
-8.51189 -37.4263 22.1671 
-9.39229 -37.6304 23.0121 
-7.33959 -38.8557 22.8107 
-6.74276 -39.3839 24.6647 
-6.21427 -38.4313 27.9595 
-32.6109 -0.943584 8.94092 
-24.2351 2.57902 23.8398 
-12.7193 2.45627 31.7601 
-17.6609 2.03404 28.7002 
-8.84554 2.46896 32.3386 
-32.4751 5.20907 7.52928 
-24.6514 9.37619 21.2666 
-34.2499 0.82665 -1.47026 
-30.9094 -0.227683 -15.0853 
-31.1711 -2.55712 13.0676 
-32.5628 -1.96625 8.51954 
-33.91 1.06845 -1.46369 
-33.9403 -0.175187 -1.25423 
-32.266 1.45139 -0.654197 
-27.4715 -5.53478 -16.2338 
-28.5011 2.33648 -15.3176 
-29.1683 -0.188278 -18.2374 
-25.5381 0.0169559 -22.3898 
-21.0392 5.6433 30.6437 
-28.6813 8.71649 18.3877 
-16.2089 7.26463 30.2521 
-10.5693 -0.148484 31.6708 
-24.03 -0.74477 23.2835 
-12.1745 9.03627 34.2136 
-7.12454 7.05084 34.2313 
-38.9357 5.03216 26.6882 
-4.88696 -39.1562 28.9491 
-5.35844 -40.5529 28.3515 
-36.6762 6.2547 32.7834 
-38.7339 5.78885 29.3672 
-34.9252 7.19941 35.3435 
-35.3635 7.00234 35.7882 
-40.5627 5.22695 25.6179 
-35.4267 7.0203 36.5629 
-39.0648 4.53433 31.2659 
-7.90168 3.88411 33.823 
-4.58779 -20.5317 14.8045 
-32.6959 0.780892 -7.96448 
-20.0787 0.402404 -27.1169 
-32.4467 6.22093 20.2048 
-17.5663 8.73509 33.3034 
-32.4446 5.14883 21.2259 
-32.8165 4.97691 21.6885 
-17.1469 7.32257 35.0003 
-37.6911 2.66344 3.95418 
-25.7654 7.63743 28.8844 
-39.2307 1.68698 0.9025 
-36.2978 -1.6515 -9.43192 
-31.7816 -5.09967 14.0967 
-39.764 0.0703116 0.693791 
-38.4808 -0.856148 -5.35279 
-40.4081 1.54899 -0.0227504 
-30.3629 -1.03309 -19.0769 
-31.9585 2.03184 1.29241 
-23.3091 -1.58122 -26.2367 
-46.2153 6.24756 18.9237 
-18.3969 8.07167 36.4725 
-24.1275 8.64067 36.8784 
-33.0377 5.36988 1.91419 
-33.3099 1.81407 0.010266 
-42.4243 1.06305 -4.25864 
-43.9061 1.94495 -2.41452 
-21.4697 8.77056 40.9071 
-30.7962 2.75637 3.78857 
-39.6848 3.93059 24.4765 
-38.7337 6.37659 33.8534 
-32.9123 6.5675 39.7516 
-17.26 5.22345 45.6428 
-26.2019 9.95938 43.1012 
-34.2499 1.38487 0.354606 
-41.7225 2.57936 1.00484 
-3.94004 -20.7234 13.9526 
-33.1299 2.91916 2.92099 
-42.4912 6.17149 24.1364 
-3.8759 -21.4525 12.119 
-3.51485 -21.3861 11.4648 
-3.76954 -21.3539 10.481 
-3.79435 -21.2119 9.69501 
-3.41447 -21.2054 8.68146 
-3.08053 -21.3515 7.15668 
-2.79014 -21.4027 5.51352 
-2.54213 -21.0568 4.97635 
-2.74416 -20.5689 4.99548 
-2.53963 -20.3931 3.41328 
-2.10744 -20.048 2.52879 
-1.94987 -19.495 2.39841 
-0.988845 -19.2078 0.558123 
-0.412678 -18.7234 -0.612651 
-0.0798429 -18.18 -0.873173 
0.474914 -17.6247 -1.73976 
0.453592 -16.9299 -3.03354 
-26.9911 5.19105 45.2607 
0.97254 -15.9973 -4.61308 
-29.8517 3.30051 8.97823 
-36.1757 2.66922 4.05719 
-30.0536 -1.61161 8.50743 
-26.5733 6.76567 46.2766 
-25.9691 7.8585 46.9349 
-24.9891 7.70015 47.964 
-27.8234 8.84159 46.8587 
-26.7762 9.29429 47.9339 
-25.0124 9.1763 49.5378 
-26.6663 9.58534 49.2509 
-24.5688 9.61093 50.9665 
-29.4313 8.97265 49.1082 
-31.3655 7.77282 48.7377 
-29.2825 9.31305 50.2885 
-28.3988 7.85375 51.5586 
-28.2003 7.82096 52.1585 
-28.0027 6.3275 52.8848 
-23.5142 8.5378 53.7278 
-19.9136 8.5865 55.4924 
-26.6464 8.04907 53.7127 
-27.107 6.77889 53.9676 
-20.0608 9.91872 55.2293 
-23.4083 1.47673 8.22539 
-20.8564 2.75403 11.968 
-22.5335 8.29632 47.8422 
-44.6093 0.222283 -6.74909 
-25.951 8.19122 51.3544 
-44.9923 3.93087 11.0853 
-42.7927 4.19232 21.7161 
-31.7063 7.75949 46.9512 
12.8646 8.83958 57.0423 
1.05568 -15.6212 -4.0938 
-17.0398 3.98011 59.8474 
0.390685 -15.074 -4.34293 
-23.0098 5.56217 57.3796 
-22.6407 7.8949 57.111 
-23.8723 6.50028 56.6332 
-26.6892 8.30488 54.9883 
-27.6373 8.62195 54.3576 
-26.6155 9.67608 54.5757 
-23.982 7.98728 55.4066 
-27.9977 5.7429 45.8463 
2.07191 11.5093 57.7805 
-32.3049 5.63628 46.1018 
-7.76678 3.73209 58.661 
-35.2095 1.03784 1.20249 
-25.0536 10.8723 52.7605 
-17.4079 10.4788 56.0135 
-24.1373 1.45656 5.04381 
-32.2162 6.71704 44.8767 
-13.1863 8.9082 57.284 
4.35845 2.41811 59.5544 
-15.4931 7.9965 56.8278 
-12.933 6.58206 57.6119 
