0 1
0 2
0 3
0 4
0 5
0 6
0 7
0 8
0 9
0 10
1 2
1 3
1 4
1 5
1 6
1 7
1 8
1 9
1 10
1 11
2 3
2 4
2 5
2 6
2 7
2 8
2 9
2 10
2 11
2 12
3 4
3 5
3 6
3 7
3 8
3 9
3 10
3 11
3 12
3 13
4 5
4 6
4 7
4 8
4 9
4 10
4 11
4 12
4 13
4 14
5 6
5 7
5 8
5 9
5 10
5 11
5 12
5 13
5 14
5 15
6 7
6 8
6 9
6 10
6 11
6 12
6 13
6 14
6 15
6 16
7 8
7 9
7 10
7 11
7 12
7 13
7 14
7 15
7 16
7 17
8 9
8 10
8 11
8 12
8 13
8 14
8 15
8 16
8 17
8 18
9 10
9 11
9 12
9 13
9 14
9 15
9 16
9 17
9 18
9 19
10 11
10 12
10 13
10 14
10 15
10 16
10 17
10 18
10 19
10 20
11 12
11 13
11 14
11 15
11 16
11 17
11 18
11 19
11 20
11 21
12 13
12 14
12 15
12 16
12 17
12 18
12 19
12 20
12 21
12 22
13 14
13 15
13 16
13 17
13 18
13 19
13 20
13 21
13 22
13 23
14 15
14 16
14 17
14 18
14 19
14 20
14 21
14 22
14 23
14 24
15 16
15 17
15 18
15 19
15 20
15 21
15 22
15 23
15 24
15 25
16 17
16 18
16 19
16 20
16 21
16 22
16 23
16 24
16 25
16 26
17 18
17 19
17 20
17 21
17 22
17 23
17 24
17 25
17 26
17 27
18 19
18 20
18 21
18 22
18 23
18 24
18 25
18 26
18 27
18 28
19 20
19 21
19 22
19 23
19 24
19 25
19 26
19 27
19 28
19 29
20 21
20 22
20 23
20 24
20 25
20 26
20 27
20 28
20 29
20 30
21 22
21 23
21 24
21 25
21 26
21 27
21 28
21 29
21 30
21 31
22 23
22 24
22 25
22 26
22 27
22 28
22 29
22 30
22 31
22 32
23 24
23 25
23 26
23 27
23 28
23 29
23 30
23 31
23 32
23 33
24 25
24 26
24 27
24 28
24 29
24 30
24 31
24 32
24 33
24 34
25 26
25 27
25 28
25 29
25 30
25 31
25 32
25 33
25 34
25 35
26 27
26 28
26 29
26 30
26 31
26 32
26 33
26 34
26 35
26 36
27 28
27 29
27 30
27 31
27 32
27 33
27 34
27 35
27 36
27 37
28 29
28 30
28 31
28 32
28 33
28 34
28 35
28 36
28 37
28 38
29 30
29 31
29 32
29 33
29 34
29 35
29 36
29 37
29 38
29 39
30 31
30 32
30 33
30 34
30 35
30 36
30 37
30 38
30 39
30 40
31 32
31 33
31 34
31 35
31 36
31 37
31 38
31 39
31 40
31 41
32 33
32 34
32 35
32 36
32 37
32 38
32 39
32 40
32 41
32 42
33 34
33 35
33 36
33 37
33 38
33 39
33 40
33 41
33 42
33 43
34 35
34 36
34 37
34 38
34 39
34 40
34 41
34 42
34 43
34 44
35 36
35 37
35 38
35 39
35 40
35 41
35 42
35 43
35 44
35 45
36 37
36 38
36 39
36 40
36 41
36 42
36 43
36 44
36 45
36 46
37 38
37 39
37 40
37 41
37 42
37 43
37 44
37 45
37 46
37 47
38 39
38 40
38 41
38 42
38 43
38 44
38 45
38 46
38 47
38 48
39 40
39 41
39 42
39 43
39 44
39 45
39 46
39 47
39 48
39 49
40 41
40 42
40 43
40 44
40 45
40 46
40 47
40 48
40 49
40 50
41 42
41 43
41 44
41 45
41 46
41 47
41 48
41 49
41 50
41 51
42 43
42 44
42 45
42 46
42 47
42 48
42 49
42 50
42 51
42 52
43 44
43 45
43 46
43 47
43 48
43 49
43 50
43 51
43 52
43 53
44 45
44 46
44 47
44 48
44 49
44 50
44 51
44 52
44 53
44 54
45 46
45 47
45 48
45 49
45 50
45 51
45 52
45 53
45 54
45 55
46 47
46 48
46 49
46 50
46 51
46 52
46 53
46 54
46 55
46 56
47 48
47 49
47 50
47 51
47 52
47 53
47 54
47 55
47 56
47 57
48 49
48 50
48 51
48 52
48 53
48 54
48 55
48 56
48 57
48 58
49 50
49 51
49 52
49 53
49 54
49 55
49 56
49 57
49 58
49 59
50 51
50 52
50 53
50 54
50 55
50 56
50 57
50 58
50 59
50 60
51 52
51 53
51 54
51 55
51 56
51 57
51 58
51 59
51 60
51 61
52 53
52 54
52 55
52 56
52 57
52 58
52 59
52 60
52 61
52 62
53 54
53 55
53 56
53 57
53 58
53 59
53 60
53 61
53 62
53 63
54 55
54 56
54 57
54 58
54 59
54 60
54 61
54 62
54 63
54 64
55 56
55 57
55 58
55 59
55 60
55 61
55 62
55 63
55 64
55 65
56 57
56 58
56 59
56 60
56 61
56 62
56 63
56 64
56 65
56 66
57 58
57 59
57 60
57 61
57 62
57 63
57 64
57 65
57 66
57 67
58 59
58 60
58 61
58 62
58 63
58 64
58 65
58 66
58 67
58 68
59 60
59 61
59 62
59 63
59 64
59 65
59 66
59 67
59 68
59 69
60 61
60 62
60 63
60 64
60 65
60 66
60 67
60 68
60 69
60 70
61 62
61 63
61 64
61 65
61 66
61 67
61 68
61 69
61 70
61 71
62 63
62 64
62 65
62 66
62 67
62 68
62 69
62 70
62 71
62 72
63 64
63 65
63 66
63 67
63 68
63 69
63 70
63 71
63 72
63 73
64 65
64 66
64 67
64 68
64 69
64 70
64 71
64 72
64 73
64 74
65 66
65 67
65 68
65 69
65 70
65 71
65 72
65 73
65 74
65 75
66 67
66 68
66 69
66 70
66 71
66 72
66 73
66 74
66 75
66 76
67 68
67 69
67 70
67 71
67 72
67 73
67 74
67 75
67 76
67 77
68 69
68 70
68 71
68 72
68 73
68 74
68 75
68 76
68 77
68 78
69 70
69 71
69 72
69 73
69 74
69 75
69 76
69 77
69 78
69 79
70 71
70 72
70 73
70 74
70 75
70 76
70 77
70 78
70 79
70 80
71 72
71 73
71 74
71 75
71 76
71 77
71 78
71 79
71 80
71 81
72 73
72 74
72 75
72 76
72 77
72 78
72 79
72 80
72 81
72 82
73 74
73 75
73 76
73 77
73 78
73 79
73 80
73 81
73 82
73 83
74 75
74 76
74 77
74 78
74 79
74 80
74 81
74 82
74 83
74 84
75 76
75 77
75 78
75 79
75 80
75 81
75 82
75 83
75 84
75 85
76 77
76 78
76 79
76 80
76 81
76 82
76 83
76 84
76 85
76 86
77 78
77 79
77 80
77 81
77 82
77 83
77 84
77 85
77 86
77 87
78 79
78 80
78 81
78 82
78 83
78 84
78 85
78 86
78 87
78 88
79 80
79 81
79 82
79 83
79 84
79 85
79 86
79 87
79 88
79 89
80 81
80 82
80 83
80 84
80 85
80 86
80 87
80 88
80 89
80 90
81 82
81 83
81 84
81 85
81 86
81 87
81 88
81 89
81 90
81 91
82 83
82 84
82 85
82 86
82 87
82 88
82 89
82 90
82 91
82 92
83 84
83 85
83 86
83 87
83 88
83 89
83 90
83 91
83 92
83 93
84 85
84 86
84 87
84 88
84 89
84 90
84 91
84 92
84 93
84 94
85 86
85 87
85 88
85 89
85 90
85 91
85 92
85 93
85 94
85 95
86 87
86 88
86 89
86 90
86 91
86 92
86 93
86 94
86 95
86 96
87 88
87 89
87 90
87 91
87 92
87 93
87 94
87 95
87 96
87 97
88 89
88 90
88 91
88 92
88 93
88 94
88 95
88 96
88 97
88 98
89 90
89 91
89 92
89 93
89 94
89 95
89 96
89 97
89 98
89 99
90 91
90 92
90 93
90 94
90 95
90 96
90 97
90 98
90 99
90 100
91 92
91 93
91 94
91 95
91 96
91 97
91 98
91 99
91 100
91 101
92 93
92 94
92 95
92 96
92 97
92 98
92 99
92 100
92 101
92 102
93 94
93 95
93 96
93 97
93 98
93 99
93 100
93 101
93 102
93 103
94 95
94 96
94 97
94 98
94 99
94 100
94 101
94 102
94 103
94 104
95 96
95 97
95 98
95 99
95 100
95 101
95 102
95 103
95 104
95 105
96 97
96 98
96 99
96 100
96 101
96 102
96 103
96 104
96 105
96 106
97 98
97 99
97 100
97 101
97 102
97 103
97 104
97 105
97 106
97 107
98 99
98 100
98 101
98 102
98 103
98 104
98 105
98 106
98 107
98 108
99 100
99 101
99 102
99 103
99 104
99 105
99 106
99 107
99 108
99 109
100 101
100 102
100 103
100 104
100 105
100 106
100 107
100 108
100 109
100 110
101 102
101 103
101 104
101 105
101 106
101 107
101 108
101 109
101 110
101 111
102 103
102 104
102 105
102 106
102 107
102 108
102 109
102 110
102 111
102 112
103 104
103 105
103 106
103 107
103 108
103 109
103 110
103 111
103 112
103 113
104 105
104 106
104 107
104 108
104 109
104 110
104 111
104 112
104 113
104 114
105 106
105 107
105 108
105 109
105 110
105 111
105 112
105 113
105 114
105 115
106 107
106 108
106 109
106 110
106 111
106 112
106 113
106 114
106 115
106 116
107 108
107 109
107 110
107 111
107 112
107 113
107 114
107 115
107 116
107 117
108 109
108 110
108 111
108 112
108 113
108 114
108 115
108 116
108 117
108 118
109 110
109 111
109 112
109 113
109 114
109 115
109 116
109 117
109 118
109 119
110 111
110 112
110 113
110 114
110 115
110 116
110 117
110 118
110 119
110 120
111 112
111 113
111 114
111 115
111 116
111 117
111 118
111 119
111 120
111 121
112 113
112 114
112 115
112 116
112 117
112 118
112 119
112 120
112 121
112 122
113 114
113 115
113 116
113 117
113 118
113 119
113 120
113 121
113 122
113 123
114 115
114 116
114 117
114 118
114 119
114 120
114 121
114 122
114 123
114 124
115 116
115 117
115 118
115 119
115 120
115 121
115 122
115 123
115 124
115 125
116 117
116 118
116 119
116 120
116 121
116 122
116 123
116 124
116 125
116 126
117 118
117 119
117 120
117 121
117 122
117 123
117 124
117 125
117 126
117 127
118 119
118 120
118 121
118 122
118 123
118 124
118 125
118 126
118 127
118 128
119 120
119 121
119 122
119 123
119 124
119 125
119 126
119 127
119 128
119 129
120 121
120 122
120 123
120 124
120 125
120 126
120 127
120 128
120 129
120 130
121 122
121 123
121 124
121 125
121 126
121 127
121 128
121 129
121 130
121 131
122 123
122 124
122 125
122 126
122 127
122 128
122 129
122 130
122 131
122 132
123 124
123 125
123 126
123 127
123 128
123 129
123 130
123 131
123 132
123 133
124 125
124 126
124 127
124 128
124 129
124 130
124 131
124 132
124 133
124 134
125 126
125 127
125 128
125 129
125 130
125 131
125 132
125 133
125 134
125 135
126 127
126 128
126 129
126 130
126 131
126 132
126 133
126 134
126 135
126 136
127 128
127 129
127 130
127 131
127 132
127 133
127 134
127 135
127 136
127 137
128 129
128 130
128 131
128 132
128 133
128 134
128 135
128 136
128 137
128 138
129 130
129 131
129 132
129 133
129 134
129 135
129 136
129 137
129 138
129 139
130 131
130 132
130 133
130 134
130 135
130 136
130 137
130 138
130 139
130 140
131 132
131 133
131 134
131 135
131 136
131 137
131 138
131 139
131 140
131 141
132 133
132 134
132 135
132 136
132 137
132 138
132 139
132 140
132 141
132 142
133 134
133 135
133 136
133 137
133 138
133 139
133 140
133 141
133 142
133 143
134 135
134 136
134 137
134 138
134 139
134 140
134 141
134 142
134 143
134 144
135 136
135 137
135 138
135 139
135 140
135 141
135 142
135 143
135 144
135 145
136 137
136 138
136 139
136 140
136 141
136 142
136 143
136 144
136 145
136 146
137 138
137 139
137 140
137 141
137 142
137 143
137 144
137 145
137 146
137 147
138 139
138 140
138 141
138 142
138 143
138 144
138 145
138 146
138 147
138 148
139 140
139 141
139 142
139 143
139 144
139 145
139 146
139 147
139 148
139 149
140 141
140 142
140 143
140 144
140 145
140 146
140 147
140 148
140 149
140 150
141 142
141 143
141 144
141 145
141 146
141 147
141 148
141 149
141 150
141 151
142 143
142 144
142 145
142 146
142 147
142 148
142 149
142 150
142 151
142 152
143 144
143 145
143 146
143 147
143 148
143 149
143 150
143 151
143 152
143 153
144 145
144 146
144 147
144 148
144 149
144 150
144 151
144 152
144 153
144 154
145 146
145 147
145 148
145 149
145 150
145 151
145 152
145 153
145 154
145 155
146 147
146 148
146 149
146 150
146 151
146 152
146 153
146 154
146 155
146 156
147 148
147 149
147 150
147 151
147 152
147 153
147 154
147 155
147 156
147 157
148 149
148 150
148 151
148 152
148 153
148 154
148 155
148 156
148 157
148 158
149 150
149 151
149 152
149 153
149 154
149 155
149 156
149 157
149 158
149 159
150 151
150 152
150 153
150 154
150 155
150 156
150 157
150 158
150 159
150 160
151 152
151 153
151 154
151 155
151 156
151 157
151 158
151 159
151 160
151 161
152 153
152 154
152 155
152 156
152 157
152 158
152 159
152 160
152 161
152 162
153 154
153 155
153 156
153 157
153 158
153 159
153 160
153 161
153 162
153 163
154 155
154 156
154 157
154 158
154 159
154 160
154 161
154 162
154 163
154 164
155 156
155 157
155 158
155 159
155 160
155 161
155 162
155 163
155 164
155 165
156 157
156 158
156 159
156 160
156 161
156 162
156 163
156 164
156 165
156 166
157 158
157 159
157 160
157 161
157 162
157 163
157 164
157 165
157 166
157 167
158 159
158 160
158 161
158 162
158 163
158 164
158 165
158 166
158 167
158 168
159 160
159 161
159 162
159 163
159 164
159 165
159 166
159 167
159 168
159 169
160 161
160 162
160 163
160 164
160 165
160 166
160 167
160 168
160 169
160 170
161 162
161 163
161 164
161 165
161 166
161 167
161 168
161 169
161 170
161 171
162 163
162 164
162 165
162 166
162 167
162 168
162 169
162 170
162 171
162 172
163 164
163 165
163 166
163 167
163 168
163 169
163 170
163 171
163 172
163 173
164 165
164 166
164 167
164 168
164 169
164 170
164 171
164 172
164 173
164 174
165 166
165 167
165 168
165 169
165 170
165 171
165 172
165 173
165 174
165 175
166 167
166 168
166 169
166 170
166 171
166 172
166 173
166 174
166 175
166 176
167 168
167 169
167 170
167 171
167 172
167 173
167 174
167 175
167 176
167 177
168 169
168 170
168 171
168 172
168 173
168 174
168 175
168 176
168 177
168 178
169 170
169 171
169 172
169 173
169 174
169 175
169 176
169 177
169 178
169 179
170 171
170 172
170 173
170 174
170 175
170 176
170 177
170 178
170 179
170 180
171 172
171 173
171 174
171 175
171 176
171 177
171 178
171 179
171 180
171 181
172 173
172 174
172 175
172 176
172 177
172 178
172 179
172 180
172 181
172 182
173 174
173 175
173 176
173 177
173 178
173 179
173 180
173 181
173 182
173 183
174 175
174 176
174 177
174 178
174 179
174 180
174 181
174 182
174 183
174 184
175 176
175 177
175 178
175 179
175 180
175 181
175 182
175 183
175 184
175 185
176 177
176 178
176 179
176 180
176 181
176 182
176 183
176 184
176 185
176 186
177 178
177 179
177 180
177 181
177 182
177 183
177 184
177 185
177 186
177 187
178 179
178 180
178 181
178 182
178 183
178 184
178 185
178 186
178 187
178 188
179 180
179 181
179 182
179 183
179 184
179 185
179 186
179 187
179 188
179 189
180 181
180 182
180 183
180 184
180 185
180 186
180 187
180 188
180 189
180 190
181 182
181 183
181 184
181 185
181 186
181 187
181 188
181 189
181 190
181 191
182 183
182 184
182 185
182 186
182 187
182 188
182 189
182 190
182 191
182 192
183 184
183 185
183 186
183 187
183 188
183 189
183 190
183 191
183 192
183 193
184 185
184 186
184 187
184 188
184 189
184 190
184 191
184 192
184 193
184 194
185 186
185 187
185 188
185 189
185 190
185 191
185 192
185 193
185 194
185 195
186 187
186 188
186 189
186 190
186 191
186 192
186 193
186 194
186 195
186 196
187 188
187 189
187 190
187 191
187 192
187 193
187 194
187 195
187 196
187 197
188 189
188 190
188 191
188 192
188 193
188 194
188 195
188 196
188 197
188 198
189 190
189 191
189 192
189 193
189 194
189 195
189 196
189 197
189 198
189 199
190 191
190 192
190 193
190 194
190 195
190 196
190 197
190 198
190 199
190 200
191 192
191 193
191 194
191 195
191 196
191 197
191 198
191 199
191 200
191 201
192 193
192 194
192 195
192 196
192 197
192 198
192 199
192 200
192 201
192 202
193 194
193 195
193 196
193 197
193 198
193 199
193 200
193 201
193 202
193 203
194 195
194 196
194 197
194 198
194 199
194 200
194 201
194 202
194 203
194 204
195 196
195 197
195 198
195 199
195 200
195 201
195 202
195 203
195 204
195 205
196 197
196 198
196 199
196 200
196 201
196 202
196 203
196 204
196 205
196 206
197 198
197 199
197 200
197 201
197 202
197 203
197 204
197 205
197 206
197 207
198 199
198 200
198 201
198 202
198 203
198 204
198 205
198 206
198 207
198 208
199 200
199 201
199 202
199 203
199 204
199 205
199 206
199 207
199 208
199 209
200 201
200 202
200 203
200 204
200 205
200 206
200 207
200 208
200 209
200 210
201 202
201 203
201 204
201 205
201 206
201 207
201 208
201 209
201 210
201 211
202 203
202 204
202 205
202 206
202 207
202 208
202 209
202 210
202 211
202 212
203 204
203 205
203 206
203 207
203 208
203 209
203 210
203 211
203 212
203 213
204 205
204 206
204 207
204 208
204 209
204 210
204 211
204 212
204 213
204 214
205 206
205 207
205 208
205 209
205 210
205 211
205 212
205 213
205 214
205 215
206 207
206 208
206 209
206 210
206 211
206 212
206 213
206 214
206 215
206 216
207 208
207 209
207 210
207 211
207 212
207 213
207 214
207 215
207 216
207 217
208 209
208 210
208 211
208 212
208 213
208 214
208 215
208 216
208 217
208 218
209 210
209 211
209 212
209 213
209 214
209 215
209 216
209 217
209 218
209 219
210 211
210 212
210 213
210 214
210 215
210 216
210 217
210 218
210 219
210 220
211 212
211 213
211 214
211 215
211 216
211 217
211 218
211 219
211 220
211 221
212 213
212 214
212 215
212 216
212 217
212 218
212 219
212 220
212 221
212 222
213 214
213 215
213 216
213 217
213 218
213 219
213 220
213 221
213 222
213 223
214 215
214 216
214 217
214 218
214 219
214 220
214 221
214 222
214 223
214 224
215 216
215 217
215 218
215 219
215 220
215 221
215 222
215 223
215 224
215 225
216 217
216 218
216 219
216 220
216 221
216 222
216 223
216 224
216 225
216 226
217 218
217 219
217 220
217 221
217 222
217 223
217 224
217 225
217 226
217 227
218 219
218 220
218 221
218 222
218 223
218 224
218 225
218 226
218 227
218 228
219 220
219 221
219 222
219 223
219 224
219 225
219 226
219 227
219 228
219 229
220 221
220 222
220 223
220 224
220 225
220 226
220 227
220 228
220 229
220 230
221 222
221 223
221 224
221 225
221 226
221 227
221 228
221 229
221 230
221 231
222 223
222 224
222 225
222 226
222 227
222 228
222 229
222 230
222 231
222 232
223 224
223 225
223 226
223 227
223 228
223 229
223 230
223 231
223 232
223 233
224 225
224 226
224 227
224 228
224 229
224 230
224 231
224 232
224 233
224 234
225 226
225 227
225 228
225 229
225 230
225 231
225 232
225 233
225 234
225 235
226 227
226 228
226 229
226 230
226 231
226 232
226 233
226 234
226 235
226 236
227 228
227 229
227 230
227 231
227 232
227 233
227 234
227 235
227 236
227 237
228 229
228 230
228 231
228 232
228 233
228 234
228 235
228 236
228 237
228 238
229 230
229 231
229 232
229 233
229 234
229 235
229 236
229 237
229 238
229 239
230 231
230 232
230 233
230 234
230 235
230 236
230 237
230 238
230 239
230 240
231 232
231 233
231 234
231 235
231 236
231 237
231 238
231 239
231 240
231 241
232 233
232 234
232 235
232 236
232 237
232 238
232 239
232 240
232 241
232 242
233 234
233 235
233 236
233 237
233 238
233 239
233 240
233 241
233 242
233 243
234 235
234 236
234 237
234 238
234 239
234 240
234 241
234 242
234 243
234 244
235 236
235 237
235 238
235 239
235 240
235 241
235 242
235 243
235 244
235 245
236 237
236 238
236 239
236 240
236 241
236 242
236 243
236 244
236 245
236 246
237 238
237 239
237 240
237 241
237 242
237 243
237 244
237 245
237 246
237 247
238 239
238 240
238 241
238 242
238 243
238 244
238 245
238 246
238 247
238 248
239 240
239 241
239 242
239 243
239 244
239 245
239 246
239 247
239 248
239 249
240 241
240 242
240 243
240 244
240 245
240 246
240 247
240 248
240 249
240 250
241 242
241 243
241 244
241 245
241 246
241 247
241 248
241 249
241 250
241 251
242 243
242 244
242 245
242 246
242 247
242 248
242 249
242 250
242 251
242 252
243 244
243 245
243 246
243 247
243 248
243 249
243 250
243 251
243 252
243 253
244 245
244 246
244 247
244 248
244 249
244 250
244 251
244 252
244 253
244 254
245 246
245 247
245 248
245 249
245 250
245 251
245 252
245 253
245 254
245 255
246 247
246 248
246 249
246 250
246 251
246 252
246 253
246 254
246 255
246 256
247 248
247 249
247 250
247 251
247 252
247 253
247 254
247 255
247 256
247 257
248 249
248 250
248 251
248 252
248 253
248 254
248 255
248 256
248 257
248 258
249 250
249 251
249 252
249 253
249 254
249 255
249 256
249 257
249 258
249 259
250 251
250 252
250 253
250 254
250 255
250 256
250 257
250 258
250 259
250 260
251 252
251 253
251 254
251 255
251 256
251 257
251 258
251 259
251 260
251 261
252 253
252 254
252 255
252 256
252 257
252 258
252 259
252 260
252 261
252 262
253 254
253 255
253 256
253 257
253 258
253 259
253 260
253 261
253 262
253 263
254 255
254 256
254 257
254 258
254 259
254 260
254 261
254 262
254 263
254 264
255 256
255 257
255 258
255 259
255 260
255 261
255 262
255 263
255 264
255 265
256 257
256 258
256 259
256 260
256 261
256 262
256 263
256 264
256 265
256 266
257 258
257 259
257 260
257 261
257 262
257 263
257 264
257 265
257 266
257 267
258 259
258 260
258 261
258 262
258 263
258 264
258 265
258 266
258 267
258 268
259 260
259 261
259 262
259 263
259 264
259 265
259 266
259 267
259 268
259 269
260 261
260 262
260 263
260 264
260 265
260 266
260 267
260 268
260 269
260 270
261 262
261 263
261 264
261 265
261 266
261 267
261 268
261 269
261 270
261 271
262 263
262 264
262 265
262 266
262 267
262 268
262 269
262 270
262 271
262 272
263 264
263 265
263 266
263 267
263 268
263 269
263 270
263 271
263 272
263 273
264 265
264 266
264 267
264 268
264 269
264 270
264 271
264 272
264 273
264 274
265 266
265 267
265 268
265 269
265 270
265 271
265 272
265 273
265 274
265 275
266 267
266 268
266 269
266 270
266 271
266 272
266 273
266 274
266 275
266 276
267 268
267 269
267 270
267 271
267 272
267 273
267 274
267 275
267 276
267 277
268 269
268 270
268 271
268 272
268 273
268 274
268 275
268 276
268 277
268 278
269 270
269 271
269 272
269 273
269 274
269 275
269 276
269 277
269 278
269 279
270 271
270 272
270 273
270 274
270 275
270 276
270 277
270 278
270 279
270 280
271 272
271 273
271 274
271 275
271 276
271 277
271 278
271 279
271 280
271 281
272 273
272 274
272 275
272 276
272 277
272 278
272 279
272 280
272 281
272 282
273 274
273 275
273 276
273 277
273 278
273 279
273 280
273 281
273 282
273 283
274 275
274 276
274 277
274 278
274 279
274 280
274 281
274 282
274 283
274 284
275 276
275 277
275 278
275 279
275 280
275 281
275 282
275 283
275 284
275 285
276 277
276 278
276 279
276 280
276 281
276 282
276 283
276 284
276 285
276 286
286 285
286 284
286 283
286 282
286 281
286 280
286 279
286 278
286 277
286 276
285 284
285 283
285 282
285 281
285 280
285 279
285 278
285 277
285 276
285 275
284 283
284 282
284 281
284 280
284 279
284 278
284 277
284 276
284 275
284 274
283 282
283 281
283 280
283 279
283 278
283 277
283 276
283 275
283 274
283 273
282 281
282 280
282 279
282 278
282 277
282 276
282 275
282 274
282 273
282 272
281 280
281 279
281 278
281 277
281 276
281 275
281 274
281 273
281 272
281 271
280 279
280 278
280 277
280 276
280 275
280 274
280 273
280 272
280 271
280 270
279 278
279 277
279 276
279 275
279 274
279 273
279 272
279 271
279 270
279 269
278 277
278 276
278 275
278 274
278 273
278 272
278 271
278 270
278 269
278 268
277 276
277 275
277 274
277 273
277 272
277 271
277 270
277 269
277 268
277 267
276 275
276 274
276 273
276 272
276 271
276 270
276 269
276 268
276 267
276 266
275 274
275 273
275 272
275 271
275 270
275 269
275 268
275 267
275 266
275 265
274 273
274 272
274 271
274 270
274 269
274 268
274 267
274 266
274 265
274 264
273 272
273 271
273 270
273 269
273 268
273 267
273 266
273 265
273 264
273 263
272 271
272 270
272 269
272 268
272 267
272 266
272 265
272 264
272 263
272 262
271 270
271 269
271 268
271 267
271 266
271 265
271 264
271 263
271 262
271 261
270 269
270 268
270 267
270 266
270 265
270 264
270 263
270 262
270 261
270 260
269 268
269 267
269 266
269 265
269 264
269 263
269 262
269 261
269 260
269 259
268 267
268 266
268 265
268 264
268 263
268 262
268 261
268 260
268 259
268 258
267 266
267 265
267 264
267 263
267 262
267 261
267 260
267 259
267 258
267 257
266 265
266 264
266 263
266 262
266 261
266 260
266 259
266 258
266 257
266 256
265 264
265 263
265 262
265 261
265 260
265 259
265 258
265 257
265 256
265 255
264 263
264 262
264 261
264 260
264 259
264 258
264 257
264 256
264 255
264 254
263 262
263 261
263 260
263 259
263 258
263 257
263 256
263 255
263 254
263 253
262 261
262 260
262 259
262 258
262 257
262 256
262 255
262 254
262 253
262 252
261 260
261 259
261 258
261 257
261 256
261 255
261 254
261 253
261 252
261 251
260 259
260 258
260 257
260 256
260 255
260 254
260 253
260 252
260 251
260 250
259 258
259 257
259 256
259 255
259 254
259 253
259 252
259 251
259 250
259 249
258 257
258 256
258 255
258 254
258 253
258 252
258 251
258 250
258 249
258 248
257 256
257 255
257 254
257 253
257 252
257 251
257 250
257 249
257 248
257 247
256 255
256 254
256 253
256 252
256 251
256 250
256 249
256 248
256 247
256 246
255 254
255 253
255 252
255 251
255 250
255 249
255 248
255 247
255 246
255 245
254 253
254 252
254 251
254 250
254 249
254 248
254 247
254 246
254 245
254 244
253 252
253 251
253 250
253 249
253 248
253 247
253 246
253 245
253 244
253 243
252 251
252 250
252 249
252 248
252 247
252 246
252 245
252 244
252 243
252 242
251 250
251 249
251 248
251 247
251 246
251 245
251 244
251 243
251 242
251 241
250 249
250 248
250 247
250 246
250 245
250 244
250 243
250 242
250 241
250 240
249 248
249 247
249 246
249 245
249 244
249 243
249 242
249 241
249 240
249 239
248 247
248 246
248 245
248 244
248 243
248 242
248 241
248 240
248 239
248 238
247 246
247 245
247 244
247 243
247 242
247 241
247 240
247 239
247 238
247 237
246 245
246 244
246 243
246 242
246 241
246 240
246 239
246 238
246 237
246 236
245 244
245 243
245 242
245 241
245 240
245 239
245 238
245 237
245 236
245 235
244 243
244 242
244 241
244 240
244 239
244 238
244 237
244 236
244 235
244 234
243 242
243 241
243 240
243 239
243 238
243 237
243 236
243 235
243 234
243 233
242 241
242 240
242 239
242 238
242 237
242 236
242 235
242 234
242 233
242 232
241 240
241 239
241 238
241 237
241 236
241 235
241 234
241 233
241 232
241 231
240 239
240 238
240 237
240 236
240 235
240 234
240 233
240 232
240 231
240 230
239 238
239 237
239 236
239 235
239 234
239 233
239 232
239 231
239 230
239 229
238 237
238 236
238 235
238 234
238 233
238 232
238 231
238 230
238 229
238 228
237 236
237 235
237 234
237 233
237 232
237 231
237 230
237 229
237 228
237 227
236 235
236 234
236 233
236 232
236 231
236 230
236 229
236 228
236 227
236 226
235 234
235 233
235 232
235 231
235 230
235 229
235 228
235 227
235 226
235 225
234 233
234 232
234 231
234 230
234 229
234 228
234 227
234 226
234 225
234 224
233 232
233 231
233 230
233 229
233 228
233 227
233 226
233 225
233 224
233 223
232 231
232 230
232 229
232 228
232 227
232 226
232 225
232 224
232 223
232 222
231 230
231 229
231 228
231 227
231 226
231 225
231 224
231 223
231 222
231 221
230 229
230 228
230 227
230 226
230 225
230 224
230 223
230 222
230 221
230 220
229 228
229 227
229 226
229 225
229 224
229 223
229 222
229 221
229 220
229 219
228 227
228 226
228 225
228 224
228 223
228 222
228 221
228 220
228 219
228 218
227 226
227 225
227 224
227 223
227 222
227 221
227 220
227 219
227 218
227 217
226 225
226 224
226 223
226 222
226 221
226 220
226 219
226 218
226 217
226 216
225 224
225 223
225 222
225 221
225 220
225 219
225 218
225 217
225 216
225 215
224 223
224 222
224 221
224 220
224 219
224 218
224 217
224 216
224 215
224 214
223 222
223 221
223 220
223 219
223 218
223 217
223 216
223 215
223 214
223 213
222 221
222 220
222 219
222 218
222 217
222 216
222 215
222 214
222 213
222 212
221 220
221 219
221 218
221 217
221 216
221 215
221 214
221 213
221 212
221 211
220 219
220 218
220 217
220 216
220 215
220 214
220 213
220 212
220 211
220 210
219 218
219 217
219 216
219 215
219 214
219 213
219 212
219 211
219 210
219 209
218 217
218 216
218 215
218 214
218 213
218 212
218 211
218 210
218 209
218 208
217 216
217 215
217 214
217 213
217 212
217 211
217 210
217 209
217 208
217 207
216 215
216 214
216 213
216 212
216 211
216 210
216 209
216 208
216 207
216 206
215 214
215 213
215 212
215 211
215 210
215 209
215 208
215 207
215 206
215 205
214 213
214 212
214 211
214 210
214 209
214 208
214 207
214 206
214 205
214 204
213 212
213 211
213 210
213 209
213 208
213 207
213 206
213 205
213 204
213 203
212 211
212 210
212 209
212 208
212 207
212 206
212 205
212 204
212 203
212 202
211 210
211 209
211 208
211 207
211 206
211 205
211 204
211 203
211 202
211 201
210 209
210 208
210 207
210 206
210 205
210 204
210 203
210 202
210 201
210 200
209 208
209 207
209 206
209 205
209 204
209 203
209 202
209 201
209 200
209 199
208 207
208 206
208 205
208 204
208 203
208 202
208 201
208 200
208 199
208 198
207 206
207 205
207 204
207 203
207 202
207 201
207 200
207 199
207 198
207 197
206 205
206 204
206 203
206 202
206 201
206 200
206 199
206 198
206 197
206 196
205 204
205 203
205 202
205 201
205 200
205 199
205 198
205 197
205 196
205 195
204 203
204 202
204 201
204 200
204 199
204 198
204 197
204 196
204 195
204 194
203 202
203 201
203 200
203 199
203 198
203 197
203 196
203 195
203 194
203 193
202 201
202 200
202 199
202 198
202 197
202 196
202 195
202 194
202 193
202 192
201 200
201 199
201 198
201 197
201 196
201 195
201 194
201 193
201 192
201 191
200 199
200 198
200 197
200 196
200 195
200 194
200 193
200 192
200 191
200 190
199 198
199 197
199 196
199 195
199 194
199 193
199 192
199 191
199 190
199 189
198 197
198 196
198 195
198 194
198 193
198 192
198 191
198 190
198 189
198 188
197 196
197 195
197 194
197 193
197 192
197 191
197 190
197 189
197 188
197 187
196 195
196 194
196 193
196 192
196 191
196 190
196 189
196 188
196 187
196 186
195 194
195 193
195 192
195 191
195 190
195 189
195 188
195 187
195 186
195 185
194 193
194 192
194 191
194 190
194 189
194 188
194 187
194 186
194 185
194 184
193 192
193 191
193 190
193 189
193 188
193 187
193 186
193 185
193 184
193 183
192 191
192 190
192 189
192 188
192 187
192 186
192 185
192 184
192 183
192 182
191 190
191 189
191 188
191 187
191 186
191 185
191 184
191 183
191 182
191 181
190 189
190 188
190 187
190 186
190 185
190 184
190 183
190 182
190 181
190 180
189 188
189 187
189 186
189 185
189 184
189 183
189 182
189 181
189 180
189 179
188 187
188 186
188 185
188 184
188 183
188 182
188 181
188 180
188 179
188 178
187 186
187 185
187 184
187 183
187 182
187 181
187 180
187 179
187 178
187 177
186 185
186 184
186 183
186 182
186 181
186 180
186 179
186 178
186 177
186 176
185 184
185 183
185 182
185 181
185 180
185 179
185 178
185 177
185 176
185 175
184 183
184 182
184 181
184 180
184 179
184 178
184 177
184 176
184 175
184 174
183 182
183 181
183 180
183 179
183 178
183 177
183 176
183 175
183 174
183 173
182 181
182 180
182 179
182 178
182 177
182 176
182 175
182 174
182 173
182 172
181 180
181 179
181 178
181 177
181 176
181 175
181 174
181 173
181 172
181 171
180 179
180 178
180 177
180 176
180 175
180 174
180 173
180 172
180 171
180 170
179 178
179 177
179 176
179 175
179 174
179 173
179 172
179 171
179 170
179 169
178 177
178 176
178 175
178 174
178 173
178 172
178 171
178 170
178 169
178 168
177 176
177 175
177 174
177 173
177 172
177 171
177 170
177 169
177 168
177 167
176 175
176 174
176 173
176 172
176 171
176 170
176 169
176 168
176 167
176 166
175 174
175 173
175 172
175 171
175 170
175 169
175 168
175 167
175 166
175 165
174 173
174 172
174 171
174 170
174 169
174 168
174 167
174 166
174 165
174 164
173 172
173 171
173 170
173 169
173 168
173 167
173 166
173 165
173 164
173 163
172 171
172 170
172 169
172 168
172 167
172 166
172 165
172 164
172 163
172 162
171 170
171 169
171 168
171 167
171 166
171 165
171 164
171 163
171 162
171 161
170 169
170 168
170 167
170 166
170 165
170 164
170 163
170 162
170 161
170 160
169 168
169 167
169 166
169 165
169 164
169 163
169 162
169 161
169 160
169 159
168 167
168 166
168 165
168 164
168 163
168 162
168 161
168 160
168 159
168 158
167 166
167 165
167 164
167 163
167 162
167 161
167 160
167 159
167 158
167 157
166 165
166 164
166 163
166 162
166 161
166 160
166 159
166 158
166 157
166 156
165 164
165 163
165 162
165 161
165 160
165 159
165 158
165 157
165 156
165 155
164 163
164 162
164 161
164 160
164 159
164 158
164 157
164 156
164 155
164 154
163 162
163 161
163 160
163 159
163 158
163 157
163 156
163 155
163 154
163 153
162 161
162 160
162 159
162 158
162 157
162 156
162 155
162 154
162 153
162 152
161 160
161 159
161 158
161 157
161 156
161 155
161 154
161 153
161 152
161 151
160 159
160 158
160 157
160 156
160 155
160 154
160 153
160 152
160 151
160 150
159 158
159 157
159 156
159 155
159 154
159 153
159 152
159 151
159 150
159 149
158 157
158 156
158 155
158 154
158 153
158 152
158 151
158 150
158 149
158 148
157 156
157 155
157 154
157 153
157 152
157 151
157 150
157 149
157 148
157 147
156 155
156 154
156 153
156 152
156 151
156 150
156 149
156 148
156 147
156 146
155 154
155 153
155 152
155 151
155 150
155 149
155 148
155 147
155 146
155 145
154 153
154 152
154 151
154 150
154 149
154 148
154 147
154 146
154 145
154 144
153 152
153 151
153 150
153 149
153 148
153 147
153 146
153 145
153 144
153 143
152 151
152 150
152 149
152 148
152 147
152 146
152 145
152 144
152 143
152 142
151 150
151 149
151 148
151 147
151 146
151 145
151 144
151 143
151 142
151 141
150 149
150 148
150 147
150 146
150 145
150 144
150 143
150 142
150 141
150 140
149 148
149 147
149 146
149 145
149 144
149 143
149 142
149 141
149 140
149 139
148 147
148 146
148 145
148 144
148 143
148 142
148 141
148 140
148 139
148 138
147 146
147 145
147 144
147 143
147 142
147 141
147 140
147 139
147 138
147 137
146 145
146 144
146 143
146 142
146 141
146 140
146 139
146 138
146 137
146 136
145 144
145 143
145 142
145 141
145 140
145 139
145 138
145 137
145 136
145 135
144 143
144 142
144 141
144 140
144 139
144 138
144 137
144 136
144 135
144 134
143 142
143 141
143 140
143 139
143 138
143 137
143 136
143 135
143 134
143 133
142 141
142 140
142 139
142 138
142 137
142 136
142 135
142 134
142 133
142 132
141 140
141 139
141 138
141 137
141 136
141 135
141 134
141 133
141 132
141 131
140 139
140 138
140 137
140 136
140 135
140 134
140 133
140 132
140 131
140 130
139 138
139 137
139 136
139 135
139 134
139 133
139 132
139 131
139 130
139 129
138 137
138 136
138 135
138 134
138 133
138 132
138 131
138 130
138 129
138 128
137 136
137 135
137 134
137 133
137 132
137 131
137 130
137 129
137 128
137 127
136 135
136 134
136 133
136 132
136 131
136 130
136 129
136 128
136 127
136 126
135 134
135 133
135 132
135 131
135 130
135 129
135 128
135 127
135 126
135 125
134 133
134 132
134 131
134 130
134 129
134 128
134 127
134 126
134 125
134 124
133 132
133 131
133 130
133 129
133 128
133 127
133 126
133 125
133 124
133 123
132 131
132 130
132 129
132 128
132 127
132 126
132 125
132 124
132 123
132 122
131 130
131 129
131 128
131 127
131 126
131 125
131 124
131 123
131 122
131 121
130 129
130 128
130 127
130 126
130 125
130 124
130 123
130 122
130 121
130 120
129 128
129 127
129 126
129 125
129 124
129 123
129 122
129 121
129 120
129 119
128 127
128 126
128 125
128 124
128 123
128 122
128 121
128 120
128 119
128 118
127 126
127 125
127 124
127 123
127 122
127 121
127 120
127 119
127 118
127 117
126 125
126 124
126 123
126 122
126 121
126 120
126 119
126 118
126 117
126 116
125 124
125 123
125 122
125 121
125 120
125 119
125 118
125 117
125 116
125 115
124 123
124 122
124 121
124 120
124 119
124 118
124 117
124 116
124 115
124 114
123 122
123 121
123 120
123 119
123 118
123 117
123 116
123 115
123 114
123 113
122 121
122 120
122 119
122 118
122 117
122 116
122 115
122 114
122 113
122 112
121 120
121 119
121 118
121 117
121 116
121 115
121 114
121 113
121 112
121 111
120 119
120 118
120 117
120 116
120 115
120 114
120 113
120 112
120 111
120 110
119 118
119 117
119 116
119 115
119 114
119 113
119 112
119 111
119 110
119 109
118 117
118 116
118 115
118 114
118 113
118 112
118 111
118 110
118 109
118 108
117 116
117 115
117 114
117 113
117 112
117 111
117 110
117 109
117 108
117 107
116 115
116 114
116 113
116 112
116 111
116 110
116 109
116 108
116 107
116 106
115 114
115 113
115 112
115 111
115 110
115 109
115 108
115 107
115 106
115 105
114 113
114 112
114 111
114 110
114 109
114 108
114 107
114 106
114 105
114 104
113 112
113 111
113 110
113 109
113 108
113 107
113 106
113 105
113 104
113 103
112 111
112 110
112 109
112 108
112 107
112 106
112 105
112 104
112 103
112 102
111 110
111 109
111 108
111 107
111 106
111 105
111 104
111 103
111 102
111 101
110 109
110 108
110 107
110 106
110 105
110 104
110 103
110 102
110 101
110 100
109 108
109 107
109 106
109 105
109 104
109 103
109 102
109 101
109 100
109 99
108 107
108 106
108 105
108 104
108 103
108 102
108 101
108 100
108 99
108 98
107 106
107 105
107 104
107 103
107 102
107 101
107 100
107 99
107 98
107 97
106 105
106 104
106 103
106 102
106 101
106 100
106 99
106 98
106 97
106 96
105 104
105 103
105 102
105 101
105 100
105 99
105 98
105 97
105 96
105 95
104 103
104 102
104 101
104 100
104 99
104 98
104 97
104 96
104 95
104 94
103 102
103 101
103 100
103 99
103 98
103 97
103 96
103 95
103 94
103 93
102 101
102 100
102 99
102 98
102 97
102 96
102 95
102 94
102 93
102 92
101 100
101 99
101 98
101 97
101 96
101 95
101 94
101 93
101 92
101 91
100 99
100 98
100 97
100 96
100 95
100 94
100 93
100 92
100 91
100 90
99 98
99 97
99 96
99 95
99 94
99 93
99 92
99 91
99 90
99 89
98 97
98 96
98 95
98 94
98 93
98 92
98 91
98 90
98 89
98 88
97 96
97 95
97 94
97 93
97 92
97 91
97 90
97 89
97 88
97 87
96 95
96 94
96 93
96 92
96 91
96 90
96 89
96 88
96 87
96 86
95 94
95 93
95 92
95 91
95 90
95 89
95 88
95 87
95 86
95 85
94 93
94 92
94 91
94 90
94 89
94 88
94 87
94 86
94 85
94 84
93 92
93 91
93 90
93 89
93 88
93 87
93 86
93 85
93 84
93 83
92 91
92 90
92 89
92 88
92 87
92 86
92 85
92 84
92 83
92 82
91 90
91 89
91 88
91 87
91 86
91 85
91 84
91 83
91 82
91 81
90 89
90 88
90 87
90 86
90 85
90 84
90 83
90 82
90 81
90 80
89 88
89 87
89 86
89 85
89 84
89 83
89 82
89 81
89 80
89 79
88 87
88 86
88 85
88 84
88 83
88 82
88 81
88 80
88 79
88 78
87 86
87 85
87 84
87 83
87 82
87 81
87 80
87 79
87 78
87 77
86 85
86 84
86 83
86 82
86 81
86 80
86 79
86 78
86 77
86 76
85 84
85 83
85 82
85 81
85 80
85 79
85 78
85 77
85 76
85 75
84 83
84 82
84 81
84 80
84 79
84 78
84 77
84 76
84 75
84 74
83 82
83 81
83 80
83 79
83 78
83 77
83 76
83 75
83 74
83 73
82 81
82 80
82 79
82 78
82 77
82 76
82 75
82 74
82 73
82 72
81 80
81 79
81 78
81 77
81 76
81 75
81 74
81 73
81 72
81 71
80 79
80 78
80 77
80 76
80 75
80 74
80 73
80 72
80 71
80 70
79 78
79 77
79 76
79 75
79 74
79 73
79 72
79 71
79 70
79 69
78 77
78 76
78 75
78 74
78 73
78 72
78 71
78 70
78 69
78 68
77 76
77 75
77 74
77 73
77 72
77 71
77 70
77 69
77 68
77 67
76 75
76 74
76 73
76 72
76 71
76 70
76 69
76 68
76 67
76 66
75 74
75 73
75 72
75 71
75 70
75 69
75 68
75 67
75 66
75 65
74 73
74 72
74 71
74 70
74 69
74 68
74 67
74 66
74 65
74 64
73 72
73 71
73 70
73 69
73 68
73 67
73 66
73 65
73 64
73 63
72 71
72 70
72 69
72 68
72 67
72 66
72 65
72 64
72 63
72 62
71 70
71 69
71 68
71 67
71 66
71 65
71 64
71 63
71 62
71 61
70 69
70 68
70 67
70 66
70 65
70 64
70 63
70 62
70 61
70 60
69 68
69 67
69 66
69 65
69 64
69 63
69 62
69 61
69 60
69 59
68 67
68 66
68 65
68 64
68 63
68 62
68 61
68 60
68 59
68 58
67 66
67 65
67 64
67 63
67 62
67 61
67 60
67 59
67 58
67 57
66 65
66 64
66 63
66 62
66 61
66 60
66 59
66 58
66 57
66 56
65 64
65 63
65 62
65 61
65 60
65 59
65 58
65 57
65 56
65 55
64 63
64 62
64 61
64 60
64 59
64 58
64 57
64 56
64 55
64 54
63 62
63 61
63 60
63 59
63 58
63 57
63 56
63 55
63 54
63 53
62 61
62 60
62 59
62 58
62 57
62 56
62 55
62 54
62 53
62 52
61 60
61 59
61 58
61 57
61 56
61 55
61 54
61 53
61 52
61 51
60 59
60 58
60 57
60 56
60 55
60 54
60 53
60 52
60 51
60 50
59 58
59 57
59 56
59 55
59 54
59 53
59 52
59 51
59 50
59 49
58 57
58 56
58 55
58 54
58 53
58 52
58 51
58 50
58 49
58 48
57 56
57 55
57 54
57 53
57 52
57 51
57 50
57 49
57 48
57 47
56 55
56 54
56 53
56 52
56 51
56 50
56 49
56 48
56 47
56 46
55 54
55 53
55 52
55 51
55 50
55 49
55 48
55 47
55 46
55 45
54 53
54 52
54 51
54 50
54 49
54 48
54 47
54 46
54 45
54 44
53 52
53 51
53 50
53 49
53 48
53 47
53 46
53 45
53 44
53 43
52 51
52 50
52 49
52 48
52 47
52 46
52 45
52 44
52 43
52 42
51 50
51 49
51 48
51 47
51 46
51 45
51 44
51 43
51 42
51 41
50 49
50 48
50 47
50 46
50 45
50 44
50 43
50 42
50 41
50 40
49 48
49 47
49 46
49 45
49 44
49 43
49 42
49 41
49 40
49 39
48 47
48 46
48 45
48 44
48 43
48 42
48 41
48 40
48 39
48 38
47 46
47 45
47 44
47 43
47 42
47 41
47 40
47 39
47 38
47 37
46 45
46 44
46 43
46 42
46 41
46 40
46 39
46 38
46 37
46 36
45 44
45 43
45 42
45 41
45 40
45 39
45 38
45 37
45 36
45 35
44 43
44 42
44 41
44 40
44 39
44 38
44 37
44 36
44 35
44 34
43 42
43 41
43 40
43 39
43 38
43 37
43 36
43 35
43 34
43 33
42 41
42 40
42 39
42 38
42 37
42 36
42 35
42 34
42 33
42 32
41 40
41 39
41 38
41 37
41 36
41 35
41 34
41 33
41 32
41 31
40 39
40 38
40 37
40 36
40 35
40 34
40 33
40 32
40 31
40 30
39 38
39 37
39 36
39 35
39 34
39 33
39 32
39 31
39 30
39 29
38 37
38 36
38 35
38 34
38 33
38 32
38 31
38 30
38 29
38 28
37 36
37 35
37 34
37 33
37 32
37 31
37 30
37 29
37 28
37 27
36 35
36 34
36 33
36 32
36 31
36 30
36 29
36 28
36 27
36 26
35 34
35 33
35 32
35 31
35 30
35 29
35 28
35 27
35 26
35 25
34 33
34 32
34 31
34 30
34 29
34 28
34 27
34 26
34 25
34 24
33 32
33 31
33 30
33 29
33 28
33 27
33 26
33 25
33 24
33 23
32 31
32 30
32 29
32 28
32 27
32 26
32 25
32 24
32 23
32 22
31 30
31 29
31 28
31 27
31 26
31 25
31 24
31 23
31 22
31 21
30 29
30 28
30 27
30 26
30 25
30 24
30 23
30 22
30 21
30 20
29 28
29 27
29 26
29 25
29 24
29 23
29 22
29 21
29 20
29 19
28 27
28 26
28 25
28 24
28 23
28 22
28 21
28 20
28 19
28 18
27 26
27 25
27 24
27 23
27 22
27 21
27 20
27 19
27 18
27 17
26 25
26 24
26 23
26 22
26 21
26 20
26 19
26 18
26 17
26 16
25 24
25 23
25 22
25 21
25 20
25 19
25 18
25 17
25 16
25 15
24 23
24 22
24 21
24 20
24 19
24 18
24 17
24 16
24 15
24 14
23 22
23 21
23 20
23 19
23 18
23 17
23 16
23 15
23 14
23 13
22 21
22 20
22 19
22 18
22 17
22 16
22 15
22 14
22 13
22 12
21 20
21 19
21 18
21 17
21 16
21 15
21 14
21 13
21 12
21 11
20 19
20 18
20 17
20 16
20 15
20 14
20 13
20 12
20 11
20 10
19 18
19 17
19 16
19 15
19 14
19 13
19 12
19 11
19 10
19 9
18 17
18 16
18 15
18 14
18 13
18 12
18 11
18 10
18 9
18 8
17 16
17 15
17 14
17 13
17 12
17 11
17 10
17 9
17 8
17 7
16 15
16 14
16 13
16 12
16 11
16 10
16 9
16 8
16 7
16 6
15 14
15 13
15 12
15 11
15 10
15 9
15 8
15 7
15 6
15 5
14 13
14 12
14 11
14 10
14 9
14 8
14 7
14 6
14 5
14 4
13 12
13 11
13 10
13 9
13 8
13 7
13 6
13 5
13 4
13 3
12 11
12 10
12 9
12 8
12 7
12 6
12 5
12 4
12 3
12 2
11 10
11 9
11 8
11 7
11 6
11 5
11 4
11 3
11 2
11 1
10 9
10 8
10 7
10 6
10 5
10 4
10 3
10 2
10 1
10 0
