# Camera parameter file. 

# The format of each camera is as follows:
# Filename (of the undistorted image in visualize folder)
# Original filename
# Focal Length (of the undistorted image)
# 2-vec Principal Point (image center)
# 3-vec Translation T (as in P = K[R T])
# 3-vec Camera Position C (as in P = K[R -RC])
# 3-vec Axis Angle format of R
# 4-vec Quaternion format of R
# 3x3 Matrix format of R
# [Normalized radial distortion] = [radial distortion] * [focal length]^2
# 3-vec Lat/Lng/Alt from EXIF

# The nubmer of cameras in this reconstruction
129

00000000.jpg
E:\zhaochen\VisualSFM_windows_64bit\wide-baseline\science-building\1320.jpg
1537.89196777
960 540
-0.455109328032 1.81702578068 -3.71550178528
0.815382242203 -0.0673236846924 4.07975196838
0.443651137892 -0.0945011840214 0.0151397429492
0.974363116265 0.219926670355 -0.0468461116659 0.00750507092727
0.995501160622 -0.0352307222784 -0.0879891067743
-0.00598006509244 0.903154551983 -0.429280102253
0.0945913866162 0.427873641253 0.898878216743
-0.0044463856899
0 0 0

00000001.jpg
E:\zhaochen\VisualSFM_windows_64bit\wide-baseline\science-building\1480.jpg
1539.03381348
960 540
-1.66075253487 2.05794143677 -4.28243637085
1.31136548519 -0.0875858068466 4.8585152626
0.442318189767 0.0617798366594 0.0569610935754
0.974768852992 0.219295914679 0.0306296826638 0.0282406091491
0.996530890465 -0.0416221618652 0.0720999464393
0.0684901028872 0.902223408222 -0.425795376301
-0.0473274961114 0.42925593257 0.901942968369
-0.00574512385109
0 0 0

00000002.jpg
E:\zhaochen\VisualSFM_windows_64bit\wide-baseline\science-building\1460.jpg
1538.82324219
960 540
-1.60382711887 2.00220870972 -4.16627120972
1.26112484932 -0.083966255188 4.72667503357
0.443276732013 0.0617615837135 0.0596685224207
0.974624664248 0.219760459274 0.0306191438038 0.0295814802456
0.996375203133 -0.0442039035261 0.0726860165596
0.0711194574833 0.901661634445 -0.42655646801
-0.0466826744378 0.430179387331 0.901536107063
-0.00569899007775
0 0 0

00000003.jpg
E:\zhaochen\VisualSFM_windows_64bit\wide-baseline\science-building\1440.jpg
1538.89331055
960 540
-1.55664336681 1.94704008102 -4.05429935455
1.22296476364 -0.0809100866318 4.5988407135
0.443704271239 0.0613905145333 0.0615062681248
0.974556128322 0.219967332042 0.0304344775787 0.0304918626668
0.996288955212 -0.0460428595543 0.0727345943451
0.0728212669492 0.901371598244 -0.426885098219
-0.0459058322012 0.43059694767 0.901378035545
-0.00583544511664
0 0 0

00000004.jpg
E:\zhaochen\VisualSFM_windows_64bit\wide-baseline\science-building\1420.jpg
1538.02368164
960 540
-1.18824052811 1.95340287685 -4.03595399857
1.18593287468 -0.079931139946 4.48373222351
0.444683384702 -0.00994138547874 0.0438881068459
0.97513328491 0.220495649712 -0.00492942242858 0.0217618579117
0.999005794525 -0.0446153096855 -1.69345039467e-005
0.0402675382793 0.901817858219 -0.430239915848
0.019210441038 0.429810672998 0.902716040611
-0.00542894144716
0 0 0

00000005.jpg
E:\zhaochen\VisualSFM_windows_64bit\wide-baseline\science-building\1380.jpg
1540.84326172
960 540
-0.878380358219 1.88878417015 -3.89154839516
1.07614254951 -0.0735454559326 4.28016281128
0.444466500478 -0.0552990419733 0.0321219838815
0.974901258836 0.220370862226 -0.0274178088715 0.0159263955253
0.997990846634 -0.0431374944746 -0.0464399680495
0.0189691577107 0.902366816998 -0.430552691221
0.0604786574841 0.428806632757 0.90137219429
-0.00257751088021
0 0 0

00000006.jpg
E:\zhaochen\VisualSFM_windows_64bit\wide-baseline\science-building\1360.jpg
1537.83569336
960 540
-0.791956782341 1.86224257946 -3.82927179337
1.01987576485 -0.070027589798 4.20873641968
0.444826101072 -0.0626229649375 0.0285938380229
0.974781044192 0.220540213133 -0.0310478229606 0.0141765312707
0.99767190218 -0.0413326285779 -0.0542767159641
0.0139434272423 0.902323126793 -0.430837154388
0.0667826011777 0.429076522589 0.900797307491
-0.00449909077374
0 0 0

00000007.jpg
E:\zhaochen\VisualSFM_windows_64bit\wide-baseline\science-building\1340.jpg
1537.76977539
960 540
-0.570819437504 1.84334337711 -3.78112697601
0.933443546295 -0.0677721500397 4.14062738419
0.444172077612 -0.0945922522796 0.0191600761142
0.974285675907 0.220179157893 -0.0468900309135 0.0094977816856
0.995420634747 -0.039155498147 -0.0871860086918
-0.00214128755033 0.902863800526 -0.429925680161
0.0955511331558 0.428143918514 0.898645877838
-0.00462580675916
0 0 0

00000008.jpg
E:\zhaochen\VisualSFM_windows_64bit\wide-baseline\science-building\1400.jpg
1543.65539551
960 540
-1.09600007534 1.90242946148 -3.93549489975
1.1243969202 -0.0774058103561 4.36329555511
0.443882273839 -0.0168729768347 0.0425175327711
0.975212850629 0.220104325945 -0.0083666670461 0.0210828263325
0.99897146225 -0.0448036156595 -0.00703778490424
0.0374373570085 0.902219831944 -0.429649859667
0.0255993399769 0.428944408894 0.902969121933
-0.00268938892598
0 0 0

00000009.jpg
E:\zhaochen\VisualSFM_windows_64bit\wide-baseline\science-building\1300.jpg
1537.91479492
960 540
-0.306205540895 1.79284501076 -3.64212155342
0.662560343742 -0.0612534284592 4.01626825333
0.445700624301 -0.0940157607761 0.0106104869328
0.974162371915 0.220927677798 -0.0466023213165 0.00525947263824
0.995601058006 -0.0308386329561 -0.0884724408388
-0.010344311595 0.90232861042 -0.43092918396
0.093120470643 0.429948538542 0.898039638996
-0.00496923207239
0 0 0

00000010.jpg
E:\zhaochen\VisualSFM_windows_64bit\wide-baseline\science-building\1280.jpg
1538.41467285
960 540
-0.142456352711 1.76202070713 -3.57935023308
0.49504506588 -0.0593781471252 3.96083045006
0.444651274091 -0.0943009602568 0.00991442363999
0.974273149674 0.220415767374 -0.0467454378976 0.00491462730912
0.99558198452 -0.0301832482219 -0.0889191403985
-0.0110304905102 0.902786910534 -0.429950028658
0.0932521596551 0.429030627012 0.898463785648
-0.00445449940194
0 0 0

00000011.jpg
E:\zhaochen\VisualSFM_windows_64bit\wide-baseline\science-building\1500.jpg
1538.91845703
960 540
-1.73557817936 2.10911178589 -4.39617156982
1.38185203075 -0.0899101495743 4.98691415787
0.441254947003 0.0613506578917 0.0545145915784
0.974925439074 0.218780326704 0.030418507641 0.0270290910882
0.996688604355 -0.0393928252161 0.0711383670568
0.0660125687718 0.902810096741 -0.42494481802
-0.0474847406149 0.428233206272 0.902419745922
-0.00628529480664
0 0 0

00000012.jpg
E:\zhaochen\VisualSFM_windows_64bit\wide-baseline\science-building\1520.jpg
1537.94335938
960 540
-1.82964980602 2.16086173058 -4.50286054611
1.47214221954 -0.0926007032394 5.11047554016
0.441063833763 0.060839359387 0.0524224826927
0.974981821637 0.218689728792 0.030165572386 0.0259922887462
0.996829092503 -0.037490259856 0.0701903998852
0.0638777762651 0.902998566628 -0.424868702888
-0.0474531389773 0.428005337715 0.902530550957
-0.00584842674203
0 0 0

00000013.jpg
E:\zhaochen\VisualSFM_windows_64bit\wide-baseline\science-building\1540.jpg
1537.71911621
960 540
-1.9391285181 2.19960451126 -4.59096097946
1.58081007004 -0.0931043624878 5.2122759819
0.440560216338 0.0601548225651 0.0501276456835
0.975076338029 0.218446986877 0.0298271138612 0.0248552473707
0.99698549509 -0.0354401804507 0.0690264776349
0.0615028738976 0.903326511383 -0.424522161484
-0.0473083741963 0.427487790585 0.902783453465
-0.00654299618501
0 0 0

00000014.jpg
E:\zhaochen\VisualSFM_windows_64bit\wide-baseline\science-building\1560.jpg
1537.18249512
960 540
-2.06188225746 2.22482872009 -4.66837310791
1.69881224632 -0.0983542203903 5.30087852478
0.439827285652 0.0590503725011 0.0539426417766
0.975123260422 0.218087022323 0.0292799476656 0.0267472949156
0.996854066849 -0.0393926687539 0.0687698051333
0.0649349689484 0.903445661068 -0.423757135868
-0.0454364269972 0.426889777184 0.903161764145
-0.00608595774085
0 0 0

00000015.jpg
E:\zhaochen\VisualSFM_windows_64bit\wide-baseline\science-building\1580.jpg
1537.9017334
960 540
-2.15602469444 2.23667955399 -4.72476243973
1.7870850563 -0.101926088333 5.36381578445
0.438766462798 0.0585085837741 0.0578622612878
0.975192635103 0.217566106704 0.0290119821358 0.028691497598
0.996670722961 -0.0433354079723 0.069069057703
0.0685835406184 0.903685033321 -0.422673106194
-0.0441000275314 0.42600235343 0.903646945953
-0.00555280877563
0 0 0

00000016.jpg
E:\zhaochen\VisualSFM_windows_64bit\wide-baseline\science-building\1620.jpg
1538.92480469
960 540
-2.49073171616 2.19173812866 -4.6935005188
1.88626456261 -0.098560333252 5.42850875854
0.437214034577 0.101275735542 0.0711467110583
0.97430148259 0.216731163842 0.0502033473245 0.0352681027409
0.992471456528 -0.0469623282552 0.113113828003
0.0904847308993 0.903567492962 -0.418781816959
-0.0825389549136 0.425864160061 0.901014566422
-0.00534031143762
0 0 0

00000017.jpg
E:\zhaochen\VisualSFM_windows_64bit\wide-baseline\science-building\1600.jpg
1541.88049316
960 540
-2.33887910843 2.20930123329 -4.70598077774
1.83023905754 -0.101030826569 5.39793109894
0.437899743492 0.0836352915851 0.067068404866
0.974701405004 0.217100364086 0.0414644048631 0.0332509331907
0.994350552559 -0.046815559268 0.0952684953809
0.0828233659267 0.903524339199 -0.420458734035
-0.0663931593299 0.425973385572 0.902296423912
-0.00347010209007
0 0 0

00000018.jpg
E:\zhaochen\VisualSFM_windows_64bit\wide-baseline\science-building\1640.jpg
1547.57067871
960 540
-2.7784974575 2.09606432915 -4.55436611176
1.88302659988 -0.0919578075409 5.41309022903
0.435062893173 0.157395173438 0.086349161085
0.972439079093 0.215529294668 0.0779732568502 0.042777203195
0.984181463718 -0.0495854578912 0.17008779943
0.116807438433 0.903434932232 -0.412507295609
-0.133209168911 0.42584913969 0.894934654236
-0.00191672879219
0 0 0

00000019.jpg
E:\zhaochen\VisualSFM_windows_64bit\wide-baseline\science-building\1680.jpg
1542.55163574
960 540
-3.86346340179 1.77132320404 -3.93551850319
1.99821257591 -0.0763128995895 5.4363193512
0.432390096629 0.361435385791 0.129183694486
0.958504652004 0.213196330198 0.178211060926 0.0636959305971
0.928367495537 -0.0461176708341 0.368791818619
0.19809371233 0.900981068611 -0.385996907949
-0.314472705126 0.431401789188 0.845576107502
-0.00747690101926
0 0 0

00000020.jpg
E:\zhaochen\VisualSFM_windows_64bit\wide-baseline\science-building\1700.jpg
1542.58691406
960 540
-3.94167661667 1.76730191708 -3.9209048748
2.07980823517 -0.0786654949188 5.44994449615
0.432396338015 0.361103680992 0.127722902614
0.958579854079 0.213204857531 0.178052060323 0.0629772753866
0.928663551807 -0.0448144562542 0.368208438158
0.196660533547 0.901155591011 -0.386321425438
-0.314500033855 0.431174099445 0.84568220377
-0.00757181309048
0 0 0

00000021.jpg
E:\zhaochen\VisualSFM_windows_64bit\wide-baseline\science-building\1720.jpg
1542.43127441
960 540
-4.03698348999 1.7607922554 -3.90693330765
2.17710280418 -0.0776342153549 5.46954917908
0.432614066224 0.360890524745 0.126182685951
0.958623760037 0.213315397847 0.177949613468 0.0622187579106
0.928925693035 -0.0433699972928 0.367717802525
0.195207521319 0.901250839233 -0.386834740639
-0.314629107714 0.431122094393 0.845661520958
-0.00741452101841
0 0 0

00000022.jpg
E:\zhaochen\VisualSFM_windows_64bit\wide-baseline\science-building\1660.jpg
1540.75439453
960 540
-3.81069970131 1.77326750755 -3.9558827877
1.9417065382 -0.0795329809189 5.43492126465
0.431544335357 0.360848029796 0.132094430577
0.95855320174 0.212782826591 0.177924392603 0.0651321869207
0.92820161581 -0.0491468794644 0.36881801486
0.200583785772 0.900962650776 -0.384750157595
-0.313381969929 0.43110448122 0.846132695675
-0.00981842882733
0 0 0

00000023.jpg
E:\zhaochen\VisualSFM_windows_64bit\wide-baseline\science-building\1740.jpg
1543.32653809
960 540
-4.14534044266 1.75584292412 -3.89031124115
2.28710222244 -0.0782688856125 5.49221324921
0.433147625954 0.360654039392 0.124768520658
0.958631539941 0.213579052798 0.177833476408 0.0615216172601
0.929180324078 -0.0419901832938 0.367233008146
0.193916067481 0.901198446751 -0.38760599494
-0.314674109221 0.431368470192 0.845518946648
-0.00740103304427
0 0 0

00000024.jpg
E:\zhaochen\VisualSFM_windows_64bit\wide-baseline\science-building\1760.jpg
1542.96289063
960 540
-4.27012395859 1.75220239162 -3.88033771515
2.40683507919 -0.0770386457443 5.52832984924
0.433783709614 0.360988538737 0.123513736387
0.958572291388 0.21388838927 0.177994828722 0.0609016741362
0.929217815399 -0.0406154021621 0.36729413271
0.192899227142 0.901085793972 -0.388374596834
-0.315189510584 0.431735336781 0.845139741898
-0.00612170800534
0 0 0

00000025.jpg
E:\zhaochen\VisualSFM_windows_64bit\wide-baseline\science-building\1780.jpg
1542.75085449
960 540
-4.40403795242 1.75037705898 -3.87680673599
2.53133583069 -0.0772720575333 5.57452964783
0.434171905569 0.361456168699 0.122705609744
0.95851369211 0.214075535274 0.178221855905 0.0605020010511
0.929153203964 -0.0396780669689 0.367560207844
0.192289918661 0.901023447514 -0.388823270798
-0.315752148628 0.431954056025 0.844817340374
-0.00582897628048
0 0 0

00000026.jpg
E:\zhaochen\VisualSFM_windows_64bit\wide-baseline\science-building\1800.jpg
1542.80957031
960 540
-4.53852987289 1.75530099869 -3.88644480705
2.65296673775 -0.0779377222061 5.63378143311
0.434478495192 0.361573939881 0.121754160181
0.958498954283 0.21422563108 0.178279031782 0.0600325725899
0.929225504398 -0.0386986136436 0.36748149991
0.191466018558 0.901007354259 -0.38926500082
-0.316039562225 0.432075172663 0.844648122787
-0.0049731907002
0 0 0

00000027.jpg
E:\zhaochen\VisualSFM_windows_64bit\wide-baseline\science-building\1820.jpg
1542.53918457
960 540
-4.68372297287 1.75838088989 -3.8939678669
2.76935911179 -0.0797921419144 5.7023191452
0.434579682669 0.364397149965 0.121807388426
0.958233883438 0.214256215709 0.179654865334 0.0600534059239
0.928235530853 -0.0381061024964 0.370036274195
0.192074730992 0.900976002216 -0.389037340879
-0.318569242954 0.432192921638 0.843637168407
-0.0050574084442
0 0 0

00000028.jpg
E:\zhaochen\VisualSFM_windows_64bit\wide-baseline\science-building\1840.jpg
1542.79089355
960 540
-4.90458154678 1.73462986946 -3.84541606903
2.89457559586 -0.0808131694794 5.78498077393
0.434286095465 0.381702106281 0.124590789018
0.956589865594 0.213991789671 0.188081353967 0.0613913413226
0.921712875366 -0.036957077682 0.386107832193
0.197948262095 0.900877356529 -0.386311531067
-0.333559036255 0.43249797821 0.837666451931
-0.00512182775425
0 0 0

00000029.jpg
E:\zhaochen\VisualSFM_windows_64bit\wide-baseline\science-building\1860.jpg
1542.72399902
960 540
-5.14044332504 1.70149564743 -3.78028035164
3.00976228714 -0.0815271139145 5.87745380402
0.433925641532 0.403821389417 0.128925418342
0.954353556939 0.213651470501 0.19882907441 0.0634788603792
0.912874877453 -0.0362022891641 0.406631082296
0.206122815609 0.900647342205 -0.382555186749
-0.352381855249 0.433040976524 0.829640626907
-0.00489719424212
0 0 0

00000030.jpg
E:\zhaochen\VisualSFM_windows_64bit\wide-baseline\science-building\1880.jpg
1542.31359863
960 540
-5.34045696259 1.68925499916 -3.76032805443
3.12264180183 -0.0794538259506 5.9797077179
0.434032838939 0.417080165115 0.131202073461
0.95292970345 0.213600603904 0.205257683642 0.0645684833278
0.90740019083 -0.0353721641004 0.418775767088
0.210744738579 0.90041166544 -0.380586385727
-0.363608807325 0.433599054813 0.824488222599
-0.00488399420239
0 0 0

00000031.jpg
E:\zhaochen\VisualSFM_windows_64bit\wide-baseline\science-building\1900.jpg
1543.15759277
960 540
-5.48722267151 1.71163856983 -3.80808138847
3.2332110405 -0.0767543315887 6.08943843842
0.434516027344 0.417435307996 0.130161265072
0.952875088932 0.213834415029 0.205428636185 0.0640550778903
0.907391607761 -0.0342175737023 0.418890058994
0.209928378463 0.900344133377 -0.381197601557
-0.3641012609 0.433832347393 0.824147999287
-0.00377608694866
0 0 0

00000032.jpg
E:\zhaochen\VisualSFM_windows_64bit\wide-baseline\science-building\1920.jpg
1542.46411133
960 540
-5.63155078888 1.7321023941 -3.87277960777
3.33848619461 -0.0659530162811 6.20992660522
0.434887046401 0.417321182442 0.129177196977
0.95287875606 0.214017268755 0.205372729307 0.0635708768773
0.907562434673 -0.0332441702485 0.418601065874
0.209057182074 0.900311470032 -0.381753653288
-0.36418017745 0.433976382017 0.824037790298
-0.00393996604046
0 0 0

00000033.jpg
E:\zhaochen\VisualSFM_windows_64bit\wide-baseline\science-building\1940.jpg
1541.59265137
960 540
-5.77791213989 1.77160429955 -3.93742537498
3.4446105957 -0.0682640075684 6.33689451218
0.43531880858 0.416940568126 0.127336148933
0.952929640901 0.214233463644 0.205188979394 0.0626659443501
0.907941162586 -0.0315157324076 0.417911797762
0.207349210978 0.900354802608 -0.382582187653
-0.36421084404 0.434015482664 0.824003636837
-0.00415818840059
0 0 0

00000034.jpg
E:\zhaochen\VisualSFM_windows_64bit\wide-baseline\science-building\1960.jpg
1541.3079834
960 540
-5.92806577682 1.80157268047 -3.99950575829
3.56024885178 -0.0699459314346 6.45782089233
0.434910252602 0.415966081321 0.125895341149
0.953118058476 0.214046145436 0.204722550931 0.0619608582232
0.908499419689 -0.0304720066488 0.41677454114
0.205752044916 0.900690615177 -0.382652997971
-0.363724499941 0.433391988277 0.824546098709
-0.00422320595551
0 0 0

00000035.jpg
E:\zhaochen\VisualSFM_windows_64bit\wide-baseline\science-building\1980.jpg
1540.92651367
960 540
-6.08512783051 1.81118404865 -4.05050325394
3.69100046158 -0.0623615980148 6.56417655945
0.433996311686 0.414857898458 0.124730111102
0.953364951775 0.213614310468 0.20419432501 0.0613925417343
0.90907150507 -0.0298212822527 0.415572226048
0.204296708107 0.901199936867 -0.382232755423
-0.363114625216 0.43237683177 0.825347483158
-0.00450361923547
0 0 0

00000036.jpg
E:\zhaochen\VisualSFM_windows_64bit\wide-baseline\science-building\2000.jpg
1540.68640137
960 540
-6.24274873734 1.81745243073 -4.08094453812
3.8318707943 -0.0590043067932 6.65149974823
0.433651783545 0.413511879284 0.12384212445
0.953566073935 0.213459360548 0.203545758787 0.0609596494168
0.909706354141 -0.0293605476618 0.414213299751
0.20315566659 0.901437878609 -0.382278978825
-0.362164020538 0.431911438704 0.826008796692
-0.00502862643238
0 0 0

00000037.jpg
E:\zhaochen\VisualSFM_windows_64bit\wide-baseline\science-building\2020.jpg
1540.69616699
960 540
-6.41287851334 1.81979477406 -4.08739423752
3.98821043968 -0.0636659860611 6.72559452057
0.43336129541 0.412928144561 0.123419051357
0.95366934569 0.213323877506 0.20326557508 0.0607535349197
0.909984886646 -0.0291548799723 0.413616657257
0.202600255609 0.90160369873 -0.382182568312
-0.361775934696 0.431579202414 0.82635229826
-0.00473904966358
0 0 0

00000038.jpg
E:\zhaochen\VisualSFM_windows_64bit\wide-baseline\science-building\1260.jpg
1538.265625
960 540
0.0274997763336 1.73635160923 -3.53138971329
0.326049476862 -0.0570075511932 3.9213309288
0.443302807449 -0.0955917233443 0.00975022711611
0.974391255405 0.219756082239 -0.0473871635 0.0048334268946
0.99546200037 -0.0302465260029 -0.0902228802443
-0.0114079304039 0.903367519379 -0.428714782
0.0944716706872 0.427798837423 0.898923754692
-0.00555313605476
0 0 0

00000039.jpg
E:\zhaochen\VisualSFM_windows_64bit\wide-baseline\science-building\1240.jpg
1538.75976563
960 540
0.197783634067 1.72109389305 -3.49422669411
0.154612004757 -0.0562400817871 3.89664626122
0.4427212247 -0.0961541866286 0.0101132294798
0.974440940414 0.219471456118 -0.0476667893335 0.00501346011021
0.995405197144 -0.0306936334819 -0.0906962752342
-0.0111523503438 0.903614461422 -0.428201854229
0.0950976088643 0.427246034145 0.899120926857
-0.00586547387906
0 0 0

00000040.jpg
E:\zhaochen\VisualSFM_windows_64bit\wide-baseline\science-building\1220.jpg
1538.8470459
960 540
0.370168030262 1.71152460575 -3.47314739227
-0.0176524221897 -0.0529063940048 3.88921546936
0.442303260353 -0.0965657599376 0.0102075546224
0.974476715416 0.219266903757 -0.0478713974967 0.00506028125406
0.995365262032 -0.0308554656804 -0.0910799726844
-0.0111309606582 0.903792977333 -0.427825391293
0.0955182760954 0.426856577396 0.899261236191
-0.00596958611965
0 0 0

00000041.jpg
E:\zhaochen\VisualSFM_windows_64bit\wide-baseline\science-building\2040.jpg
1540.17651367
960 540
-6.58518457413 1.81172525883 -4.08822202682
4.15316390991 -0.062596321106 6.79028320313
0.433041443796 0.411953839146 0.123093341988
0.953812382584 0.213176817466 0.202795851598 0.0605961560309
0.910403966904 -0.0291319899261 0.412693858147
0.202057465911 0.901768326759 -0.382084041834
-0.361022919416 0.43123871088 0.826859951019
-0.0048225207011
0 0 0

00000042.jpg
E:\zhaochen\VisualSFM_windows_64bit\wide-baseline\science-building\1200.jpg
1538.15307617
960 540
0.557972788811 1.70777142048 -3.47467470169
-0.197999954224 -0.0462484359741 3.90638446808
0.441546730584 -0.0980982677588 0.00937598741676
0.974524500024 0.218895391158 -0.0486319050864 0.00464811602244
0.995226383209 -0.0303499940783 -0.092751018703
-0.012231182307 0.904125928879 -0.427089750767
0.0968209132552 0.426185935736 0.899439692497
-0.00585343918315
0 0 0

00000043.jpg
E:\zhaochen\VisualSFM_windows_64bit\wide-baseline\science-building\2060.jpg
1540.59265137
960 540
-6.76563501358 1.79981076717 -4.07446718216
4.33002710342 -0.0666296482086 6.84550189972
0.432610386331 0.411156036726 0.12308125552
0.953939347939 0.212973828983 0.202411865775 0.0605928269234
0.910716056824 -0.0293869003654 0.411986798048
0.201820626855 0.901941478252 -0.381798774004
-0.360367774963 0.430857688189 0.827343583107
-0.00496300454668
0 0 0

00000044.jpg
E:\zhaochen\VisualSFM_windows_64bit\wide-baseline\science-building\2080.jpg
1541.09118652
960 540
-7.00171136856 1.72718310356 -3.97353672981
4.50653266907 -0.0569474697113 6.8908700943
0.431944039656 0.423780940707 0.126816789842
0.952598285535 0.212548631152 0.208531778624 0.0624033036997
0.905241668224 -0.0302441846579 0.423821568489
0.207536935806 0.901857614517 -0.378920912743
-0.370766490698 0.430972933769 0.822674691677
-0.00576859850249
0 0 0

00000045.jpg
E:\zhaochen\VisualSFM_windows_64bit\wide-baseline\science-building\1180.jpg
1547.11047363
960 540
1.14086389542 1.66590750217 -3.39008545876
-0.424441635609 -0.0388653278351 3.92273449898
0.439045504464 -0.189378537452 -0.0120445073314
0.971539779635 0.217436218587 -0.093789260217 -0.00596501297077
0.982336223125 -0.0291958581656 -0.184833988547
-0.0523768477142 0.905371367931 -0.421376734972
0.179646000266 0.423615008593 0.8878505826
-0.00101867297171
0 0 0

00000046.jpg
E:\zhaochen\VisualSFM_windows_64bit\wide-baseline\science-building\1160.jpg
1537.17724609
960 540
1.50114166737 1.66328144073 -3.35850334167
-0.573722183704 -0.0383570194244 3.99610590935
0.440276660542 -0.240530734042 -0.0274103787585
0.968609422821 0.217830050426 -0.119004313926 -0.0135614824093
0.971307873726 -0.0255738571286 -0.236445561051
-0.0781169757247 0.904732227325 -0.418756574392
0.224629238248 0.42521238327 0.876776754856
-0.00413185480676
0 0 0

00000047.jpg
E:\zhaochen\VisualSFM_windows_64bit\wide-baseline\science-building\1140.jpg
1537.31835938
960 540
1.75266432762 1.66075956821 -3.35406899452
-0.754903554916 -0.0362522602081 4.06307220459
0.439513448377 -0.255757059173 -0.0325108927468
0.967720145751 0.217387024477 -0.126499578768 -0.0160801592384
0.967478513718 -0.0238765347749 -0.251823663712
-0.0861209109426 0.904968559742 -0.416671216488
0.237841099501 0.424807995558 0.873482048512
-0.00558004100343
0 0 0

00000048.jpg
E:\zhaochen\VisualSFM_windows_64bit\wide-baseline\science-building\1120.jpg
1537.3918457
960 540
1.95735526085 1.67535769939 -3.38359022141
-0.942427694798 -0.0353738069534 4.1469669342
0.438861112049 -0.256171231729 -0.0331360819393
0.967759772242 0.217067284511 -0.126706131199 -0.0163896028343
0.967353999615 -0.0232851579785 -0.252357453108
-0.0867299512029 0.905226886272 -0.415984690189
0.238126933575 0.42429125309 0.873655021191
-0.0056467320928
0 0 0

00000049.jpg
E:\zhaochen\VisualSFM_windows_64bit\wide-baseline\science-building\1100.jpg
1538.05554199
960 540
2.15369653702 1.69160962105 -3.41704845428
-1.12179207802 -0.0344630479813 4.23279619217
0.438200007648 -0.256384287045 -0.0334845628357
0.967815009494 0.216744344054 -0.126813882135 -0.0165622763147
0.96728849411 -0.0229139421135 -0.252644389868
-0.0870308205485 0.905495107174 -0.415336221457
0.238285124302 0.423737496138 0.87387996912
-0.00590616378746
0 0 0

00000050.jpg
E:\zhaochen\VisualSFM_windows_64bit\wide-baseline\science-building\1080.jpg
1537.89050293
960 540
2.33826065063 1.70960056782 -3.45155978203
-1.29168486595 -0.0338261127472 4.31669712067
0.437796731578 -0.256089270045 -0.0335666161122
0.967876686724 0.216549393803 -0.126670603474 -0.0166032083998
0.967357754707 -0.0227211974561 -0.252393871546
-0.087000630796 0.905661284924 -0.414979845285
0.238012224436 0.423392593861 0.874122083187
-0.0065244136386
0 0 0

00000051.jpg
E:\zhaochen\VisualSFM_windows_64bit\wide-baseline\science-building\1060.jpg
1537.50878906
960 540
2.51511859894 1.72819173336 -3.47624206543
-1.45755600929 -0.0333073139191 4.38989162445
0.438314079025 -0.255662285367 -0.0330832953729
0.967851583673 0.216803449944 -0.126458327808 -0.0163640022432
0.967480897903 -0.0231573916972 -0.251881301403
-0.0865090936422 0.905456662178 -0.415528357029
0.237690269947 0.423805892467 0.87400919199
-0.00600969826903
0 0 0

00000052.jpg
E:\zhaochen\VisualSFM_windows_64bit\wide-baseline\science-building\1040.jpg
1536.79284668
960 540
2.68879055977 1.73514544964 -3.47026848793
-1.62871420383 -0.0326546430588 4.43050003052
0.439476516305 -0.255209449051 -0.0326874598383
0.967757393312 0.217371497676 -0.126230317442 -0.0161676946018
0.967609465122 -0.0235849674791 -0.251349449158
-0.086170591414 0.904976546764 -0.416643977165
0.237291842699 0.424807518721 0.873631477356
-0.00733592296682
0 0 0

00000053.jpg
E:\zhaochen\VisualSFM_windows_64bit\wide-baseline\science-building\1020.jpg
1536.87792969
960 540
2.86330699921 1.72664403915 -3.43263936043
-1.81009066105 -0.0301823616028 4.43683385849
0.440914709462 -0.254638235023 -0.0322589420826
0.967640125628 0.218074193941 -0.125942788157 -0.0159551102313
0.967767477036 -0.024052111432 -0.250693380833
-0.0858073309064 0.904378116131 -0.418015807867
0.236775800586 0.42605355382 0.873164057732
-0.00752600633274
0 0 0

00000054.jpg
E:\zhaochen\VisualSFM_windows_64bit\wide-baseline\science-building\1000.jpg
1537.33679199
960 540
3.03084158897 1.70009446144 -3.36757063866
-1.9942150116 -0.0252106189728 4.40900659561
0.441794835698 -0.253770727554 -0.0316300372228
0.967603751356 0.218506809918 -0.12551217816 -0.0156438644653
0.968004584312 -0.0245764460415 -0.24972872436
-0.0851246938109 0.904020369053 -0.418928980827
0.236055493355 0.426783055067 0.873003125191
-0.00701784911926
0 0 0

00000055.jpg
E:\zhaochen\VisualSFM_windows_64bit\wide-baseline\science-building\980.jpg
1537.39941406
960 540
3.18682479858 1.66955244541 -3.27999806404
-2.17319488525 -0.0217970609665 4.35641908646
0.443302137029 -0.252976365259 -0.0301930518502
0.967499433389 0.219244563251 -0.125114877825 -0.0149326202452
0.968246340752 -0.0259668976068 -0.248644992709
-0.0837561041117 0.903418362141 -0.42050153017
0.235549300909 0.427974432707 0.872555911541
-0.00668323154885
0 0 0

00000056.jpg
E:\zhaochen\VisualSFM_windows_64bit\wide-baseline\science-building\960.jpg
1537.71252441
960 540
3.32770204544 1.62498521805 -3.168186903
-2.34442210197 -0.0172911882401 4.27258396149
0.444318681016 -0.252232310564 -0.0284122709864
0.96744716622 0.219743429314 -0.124744682759 -0.0140516483504
0.968483150005 -0.0276351477951 -0.24754332006
-0.0820120573044 0.903029978275 -0.42167454958
0.235192239285 0.428686082363 0.872302949429
-0.00677286671983
0 0 0

00000057.jpg
E:\zhaochen\VisualSFM_windows_64bit\wide-baseline\science-building\940.jpg
1537.1776123
960 540
3.45495605469 1.57310974598 -3.03775930405
-2.50623965263 -0.0117832422256 4.16629362106
0.445750645933 -0.251787614708 -0.0263771457152
0.967331262729 0.220442977137 -0.124519867551 -0.0130446396049
0.968649089336 -0.0296620950103 -0.246655032039
-0.0801360458136 0.902470350266 -0.423234194517
0.235152810812 0.429731339216 0.871799647808
-0.00722394219009
0 0 0

00000058.jpg
E:\zhaochen\VisualSFM_windows_64bit\wide-baseline\science-building\920.jpg
1537.00622559
960 540
3.57355499268 1.51236248016 -2.89242005348
-2.66193127632 -0.00476312637329 4.04199790955
0.447247076943 -0.251755216342 -0.0245095990133
0.967179840994 0.221171689987 -0.124497463554 -0.0121204356924
0.968707382679 -0.0316253304482 -0.246184304357
-0.078515894711 0.901872634888 -0.424807667732
0.235461443663 0.430843532085 0.871167361736
-0.00702882340708
0 0 0

00000059.jpg
E:\zhaochen\VisualSFM_windows_64bit\wide-baseline\science-building\900.jpg
1538.03894043
960 540
3.69678616524 1.44254231453 -2.74151229858
-2.82144904137 -0.000443339347839 3.91183900833
0.448154184618 -0.251919093772 -0.0247741415111
0.967067603536 0.221611850513 -0.124573770516 -0.0122507912089
0.9686627388 -0.0315193608403 -0.24637234211
-0.0789087340236 0.901476740837 -0.425575017929
0.235512688756 0.431679546833 0.870739519596
-0.006803553931
0 0 0

00000060.jpg
E:\zhaochen\VisualSFM_windows_64bit\wide-baseline\science-building\880.jpg
1539.02062988
960 540
3.82641839981 1.37975263596 -2.60200595856
-2.98394417763 0.00124001502991 3.79627633095
0.448526898064 -0.252142896541 -0.0248397514099
0.967011838192 0.221791969736 -0.124682086894 -0.0122830033533
0.968607187271 -0.031551335007 -0.246586680412
-0.0790625736117 0.901314854622 -0.42588788271
0.235689535737 0.432013958693 0.870525538921
-0.00657450287998
0 0 0

00000061.jpg
E:\zhaochen\VisualSFM_windows_64bit\wide-baseline\science-building\860.jpg
1539.49584961
960 540
3.96233463287 1.32129573822 -2.47630000114
-3.14969611168 0.00299990177155 3.69559264183
0.448774317942 -0.252073858345 -0.0253195369148
0.96698582662 0.221912362121 -0.124646850539 -0.0125201421292
0.968613445759 -0.0311077628285 -0.246620282531
-0.0795349627733 0.901196777821 -0.426051080227
0.235506668687 0.432293355465 0.870436131954
-0.00685208851057
0 0 0

00000062.jpg
E:\zhaochen\VisualSFM_windows_64bit\wide-baseline\science-building\840.jpg
1539.71520996
960 540
4.10773086548 1.27146100998 -2.3660838604
-3.31943893433 0.00289332866669 3.61520862579
0.448730653478 -0.252243017164 -0.0258445764757
0.966976727027 0.221890087104 -0.124730112855 -0.0127797271724
0.968557953835 -0.0306372717023 -0.246893614531
-0.0800680667162 0.90120357275 -0.425937235355
0.23555085063 0.432312965393 0.870414435863
-0.00702662783208
0 0 0

00000063.jpg
E:\zhaochen\VisualSFM_windows_64bit\wide-baseline\science-building\820.jpg
1539.66052246
960 540
4.32450723648 1.18113160133 -2.1665019989
-3.49037408829 0.000918209552765 3.55070018768
0.447716436752 -0.278358207413 -0.0320927511354
0.965331923196 0.221265278308 -0.137566998164 -0.015860511093
0.96164804697 -0.0302563179284 -0.272614389658
-0.0914989486337 0.901580512524 -0.422825038433
0.258576869965 0.431552708149 0.86423432827
-0.00711761318236
0 0 0

00000064.jpg
E:\zhaochen\VisualSFM_windows_64bit\wide-baseline\science-building\800.jpg
1539.84106445
960 540
4.47369480133 1.14756131172 -2.07935070992
-3.65994691849 0.000371277332306 3.50133323669
0.447102517577 -0.27844420865 -0.0310791075206
0.9654016542 0.220967094667 -0.137612751871 -0.0153599226658
0.961653769016 -0.031158786267 -0.272491186857
-0.0904727652669 0.901874899864 -0.422416418791
0.258915126324 0.430871576071 0.864472746849
-0.00738540015231
0 0 0

00000065.jpg
E:\zhaochen\VisualSFM_windows_64bit\wide-baseline\science-building\780.jpg
1539.85925293
960 540
4.69225215912 1.06232059002 -1.87865006924
-3.82853651047 -0.000745058059692 3.46661233902
0.445963000227 -0.307878498513 -0.0367448054352
0.963348364986 0.220250572723 -0.152053904903 -0.0181473898902
0.953100681305 -0.0320153906941 -0.3009557724
-0.101944424212 0.902320742607 -0.418837189674
0.284967750311 0.429874926805 0.856738865376
-0.00652964641066
0 0 0

00000066.jpg
E:\zhaochen\VisualSFM_windows_64bit\wide-baseline\science-building\760.jpg
1539.33618164
960 540
4.83402252197 1.0392717123 -1.80569243431
-3.98211693764 -0.00117242336273 3.44254922867
0.44553647687 -0.30955903208 -0.0355574378161
0.963277889781 0.220034663778 -0.152880226602 -0.0175605573973
0.952638864517 -0.0334464795887 -0.302260130644
-0.101109266281 0.902553260326 -0.418539792299
0.286804437637 0.429278314114 0.856425046921
-0.00707397619336
0 0 0

00000067.jpg
E:\zhaochen\VisualSFM_windows_64bit\wide-baseline\science-building\740.jpg
1539.94470215
960 540
4.98779153824 1.0056476593 -1.7062394619
-4.13086509705 -0.00291240215302 3.42587351799
0.445355262114 -0.318400471292 -0.0362669119152
0.962606152031 0.21989505824 -0.157210874407 -0.0179068608507
0.94992852211 -0.0346652679145 -0.310539543629
-0.103614285588 0.902651667595 -0.417714387178
0.294789075851 0.428974956274 0.853862226009
-0.00725702880946
0 0 0

00000068.jpg
E:\zhaochen\VisualSFM_windows_64bit\wide-baseline\science-building\720.jpg
1540.0234375
960 540
5.11807775497 0.997759699821 -1.65988838673
-4.26929807663 -0.0029536485672 3.42323851585
0.445458657323 -0.318720618792 -0.0346108004535
0.96258399213 0.219944456297 -0.157367764793 -0.0170890240039
0.949886620045 -0.0363251119852 -0.310476630926
-0.102123595774 0.902665019035 -0.418051481247
0.295442134142 0.428808569908 0.853720128536
-0.00714805341799
0 0 0

00000069.jpg
E:\zhaochen\VisualSFM_windows_64bit\wide-baseline\science-building\700.jpg
1540.0526123
960 540
5.23851728439 0.994892716408 -1.62503910065
-4.39486265182 -0.00373107194901 3.42896461487
0.445110307122 -0.318934857949 -0.0329300650476
0.962619395096 0.219775098621 -0.157475436398 -0.0162593590344
0.949874222279 -0.037915199995 -0.31032460928
-0.100521497428 0.902869224548 -0.417998611927
0.296031028032 0.428240478039 0.853800952435
-0.00740440411
0 0 0

00000070.jpg
E:\zhaochen\VisualSFM_windows_64bit\wide-baseline\science-building\680.jpg
1540.40979004
960 540
5.34643745422 0.997976720333 -1.60171246529
-4.50496244431 -0.00346171855927 3.44255042076
0.444970400571 -0.319073592936 -0.0310232480821
0.962638953632 0.219707476989 -0.15754498274 -0.0153179617237
0.949890255928 -0.0397362597287 -0.310048758984
-0.0987189263105 0.902988135815 -0.418171346188
0.296586990356 0.427824556828 0.853816628456
-0.00735273938778
0 0 0

00000071.jpg
E:\zhaochen\VisualSFM_windows_64bit\wide-baseline\science-building\660.jpg
1540.35461426
960 540
5.43692302704 1.008228302 -1.58798253536
-4.59598779678 -0.00343579053879 3.46052598953
0.444781814358 -0.319038300164 -0.0285527011314
0.962680507429 0.21961745707 -0.15752977736 -0.0140983093565
0.949971437454 -0.0420483052731 -0.309494167566
-0.0963369756937 0.903138637543 -0.418401032686
0.297109216452 0.427284747362 0.85390496254
-0.00790620813104
0 0 0

00000072.jpg
E:\zhaochen\VisualSFM_windows_64bit\wide-baseline\science-building\640.jpg
1540.71179199
960 540
5.51268625259 1.02462923527 -1.5831605196
-4.66846084595 -0.00266748666763 3.48589086533
0.444768250394 -0.319488324742 -0.0257416919749
0.962665376761 0.219609632402 -0.157751173765 -0.0127102676663
0.949905872345 -0.0448158979416 -0.309305846691
-0.0937588363886 0.903220236301 -0.41881108284
0.298140525818 0.426831275225 0.85377240181
-0.00787253623623
0 0 0

00000073.jpg
E:\zhaochen\VisualSFM_windows_64bit\wide-baseline\science-building\620.jpg
1540.7545166
960 540
5.58694696426 1.03384053707 -1.58859050274
-4.73609352112 -0.00229281187057 3.51793432236
0.445705755565 -0.319619651832 -0.025671120323
0.962552512272 0.220064110346 -0.157809975418 -0.0126749367378
0.949871182442 -0.0450560823083 -0.309379398823
-0.0938572511077 0.902822554111 -0.419646143913
0.298222154379 0.427646905184 0.853335618973
-0.0076345609478
0 0 0

00000074.jpg
E:\zhaochen\VisualSFM_windows_64bit\wide-baseline\science-building\600.jpg
1539.21594238
960 540
5.76671648026 0.924270272255 -1.37601435184
-4.82377910614 0.00646948814392 3.5684466362
0.444726806251 -0.36399054966 -0.0367483637496
0.958832901687 0.219303593611 -0.179490946935 -0.0181213457708
0.934908926487 -0.0439753308892 -0.352151870728
-0.113476701081 0.903155088425 -0.414045661688
0.336255431175 0.427056342363 0.839378118515
-0.00901375077257
0 0 0

00000075.jpg
E:\zhaochen\VisualSFM_windows_64bit\wide-baseline\science-building\580.jpg
1540.45861816
960 540
5.99982976913 0.675712823868 -0.868022441864
-4.91083192825 0.00231868028641 3.61825037003
0.441507923169 -0.459547175726 -0.0615273392704
0.949198820745 0.217002958544 -0.225869325306 -0.0302409400882
0.896137058735 -0.0406194664538 -0.441914498806
-0.155438125134 0.903990507126 -0.398296833038
0.415665090084 0.425618976355 0.803786039352
-0.00382034140191
0 0 0

00000076.jpg
E:\zhaochen\VisualSFM_windows_64bit\wide-baseline\science-building\560.jpg
1540.60314941
960 540
6.19976711273 0.451376885176 -0.418177485466
-5.01917362213 0.00145353376865 3.69102096558
0.438034869135 -0.54174979627 -0.0830533496424
0.93909540325 0.214552724559 -0.265353064354 -0.0406801460456
0.855866014957 -0.0374592877924 -0.51583969593
-0.190269440413 0.904624998569 -0.381381809711
0.480927675962 0.42456009984 0.767109692097
-0.00203166730634
0 0 0

00000077.jpg
E:\zhaochen\VisualSFM_windows_64bit\wide-baseline\science-building\540.jpg
1539.63024902
960 540
6.3603644371 0.342134863138 -0.212848335505
-5.13572645187 -0.00166609883308 3.77371549606
0.435496091585 -0.578681101808 -0.0944442574886
0.934056833568 0.212940334984 -0.282952132175 -0.0461795001506
0.835611402988 -0.03423538059 -0.548253595829
-0.206772491336 0.905047774315 -0.371663451195
0.508919894695 0.423930048943 0.74918949604
-0.00536470976441
0 0 0

00000078.jpg
E:\zhaochen\VisualSFM_windows_64bit\wide-baseline\science-building\520.jpg
1539.47387695
960 540
6.54399824142 0.341346263885 -0.232065334916
-5.27712535858 0.00232277810574 3.89182162285
0.434858712175 -0.578940602794 -0.0961670648467
0.934047843918 0.212628024299 -0.283078142652 -0.047021739311
0.835312068462 -0.0325394719839 -0.548813343048
-0.208221688867 0.905157029629 -0.370587915182
0.508820772171 0.42383107543 0.749312400818
-0.00465365962317
0 0 0

00000079.jpg
E:\zhaochen\VisualSFM_windows_64bit\wide-baseline\science-building\500.jpg
1539.30554199
960 540
6.7506146431 0.341395884752 -0.259050875902
-5.43557357788 0.00295680016279 4.02603387833
0.43406881936 -0.578486578209 -0.0986501510047
0.934136619907 0.212248279487 -0.282864779627 -0.0482373390762
0.835320830345 -0.0299545861781 -0.548945248127
-0.21019564569 0.905247688293 -0.369248479605
0.507992148399 0.423827081919 0.749876379967
-0.0058394783935
0 0 0

00000080.jpg
E:\zhaochen\VisualSFM_windows_64bit\wide-baseline\science-building\480.jpg
1539.58398438
960 540
6.97152280807 0.353486955166 -0.284876823425
-5.60401773453 0.00193762034178 4.17171287537
0.433839636011 -0.578344792403 -0.099751713497
0.934154254456 0.212137501396 -0.282797165177 -0.0487762700885
0.835292875767 -0.028854586184 -0.549046933651
-0.211112827063 0.905236899853 -0.368750691414
0.507657766342 0.42392590642 0.750046908855
-0.00664234332246
0 0 0

00000081.jpg
E:\zhaochen\VisualSFM_windows_64bit\wide-baseline\science-building\460.jpg
1538.61328125
960 540
7.21383428574 0.312162995338 -0.199080601335
-5.77676200867 0.00300397723913 4.33652257919
0.433199913601 -0.59694218393 -0.104992576187
0.93142030618 0.211625488345 -0.291616358226 -0.0512906501377
0.824657559395 -0.0278806071728 -0.564943552017
-0.218973219395 0.905167996883 -0.364310055971
0.521526038647 0.424139052629 0.740349590778
-0.00644397271669
0 0 0

00000082.jpg
E:\zhaochen\VisualSFM_windows_64bit\wide-baseline\science-building\440.jpg
1539.59838867
960 540
7.42356491089 0.329600900412 -0.200120076537
-5.9324631691 0.000435791909695 4.47927331924
0.433567421199 -0.599968955761 -0.104806066213
0.930943850303 0.211770268832 -0.293046896146 -0.0511911359847
0.823005974293 -0.0288050808012 -0.567301988602
-0.219429373741 0.905066072941 -0.364289730787
0.523938834667 0.424295186996 0.738553762436
-0.00801032719072
0 0 0

00000083.jpg
E:\zhaochen\VisualSFM_windows_64bit\wide-baseline\science-building\420.jpg
1539.58959961
960 540
7.6291475296 0.362985908985 -0.235566064715
-6.0787653923 -0.00217539072037 4.63030481339
0.434043694009 -0.599505789524 -0.103902606663
0.930984249856 0.212005848095 -0.292824743453 -0.0507505593305
0.823355913162 -0.0296651907265 -0.566749155521
-0.218657076359 0.904956042767 -0.365026175976
0.523711740971 0.424470245838 0.738614737988
-0.00890433611437
0 0 0

00000084.jpg
E:\zhaochen\VisualSFM_windows_64bit\wide-baseline\science-building\400.jpg
1537.24206543
960 540
7.83935213089 0.320866286755 -0.126182258129
-6.21295070648 4.23938035965e-006 4.79307699203
0.433142287997 -0.621587619818 -0.108212141645
0.927677385688 0.211324530481 -0.303264575062 -0.0527953068987
0.810486614704 -0.0302204843611 -0.584977388382
-0.226128533483 0.905109643936 -0.360060095787
0.540349364281 0.424103856087 0.726745069027
-0.00846382926748
0 0 0

00000085.jpg
E:\zhaochen\VisualSFM_windows_64bit\wide-baseline\science-building\380.jpg
1539.09204102
960 540
8.00484848022 0.0946334898472 0.3599627316
-6.32405757904 -0.00519318878651 4.92162561417
0.430701301923 -0.691937853463 -0.125347083875
0.916198240512 0.209300767034 -0.336249560479 -0.0609128430385
0.766451835632 -0.029138084501 -0.641640663147
-0.252371042967 0.904965996742 -0.34255823493
0.590644359589 0.424485743046 0.686259031296
-0.00783501183677
0 0 0

00000086.jpg
E:\zhaochen\VisualSFM_windows_64bit\wide-baseline\science-building\360.jpg
1539.10083008
960 540
8.17063140869 0.120163246989 0.331388533115
-6.42411994934 -0.00559240579605 5.06104183197
0.430733398463 -0.692817594832 -0.124786882236
0.91606380767 0.209306602403 -0.336661371923 -0.0606377829966
0.765964508057 -0.0298347212374 -0.64219045639
-0.25202703476 0.905027270317 -0.342647522688
0.591422736645 0.424305289984 0.685699820518
-0.00839980328814
0 0 0

00000087.jpg
E:\zhaochen\VisualSFM_windows_64bit\wide-baseline\science-building\340.jpg
1538.94995117
960 540
8.31816005707 0.156397894025 0.286587327719
-6.50334644318 -0.00465361773968 5.19661903381
0.43083575609 -0.692757956757 -0.123424957552
0.916104302252 0.209359282418 -0.336637121376 -0.0599768245329
0.766156375408 -0.0310661885887 -0.641902923584
-0.250846296549 0.905143618584 -0.343209207058
0.591675937176 0.423970550299 0.685688376427
-0.00945821798266
0 0 0

00000088.jpg
E:\zhaochen\VisualSFM_windows_64bit\wide-baseline\science-building\320.jpg
1539.02990723
960 540
8.44523906708 0.195959866047 0.232954770327
-6.56178379059 -0.00198630988598 5.32519817352
0.431082812555 -0.69257310805 -0.121908261944
0.916154676022 0.209482997376 -0.336553178069 -0.0592408404445
0.766445040703 -0.0324568003416 -0.641489446163
-0.249551892281 0.905214905739 -0.343962371349
0.591849625111 0.423712939024 0.685697615147
-0.00875636495006
0 0 0

00000089.jpg
E:\zhaochen\VisualSFM_windows_64bit\wide-baseline\science-building\300.jpg
1539.13037109
960 540
8.55009555817 0.24080747366 0.177608698606
-6.59967327118 -0.000812701880932 5.44408130646
0.431561560485 -0.692694039337 -0.120157067143
0.916135694691 0.209714262043 -0.336609727516 -0.0583894697129
0.766569435596 -0.0341984145343 -0.641250610352
-0.248169124126 0.905221283436 -0.344944536686
0.59227013588 0.423562347889 0.685427725315
-0.00859446512006
0 0 0

00000090.jpg
E:\zhaochen\VisualSFM_windows_64bit\wide-baseline\science-building\280.jpg
1540.06384277
960 540
8.63814544678 0.288364291191 0.120002940297
-6.62311887741 -0.0012711584568 5.55422735214
0.431675821383 -0.692778978655 -0.118244617088
0.916164792732 0.209771903929 -0.336654401651 -0.0574607083074
0.766724348068 -0.0359543412924 -0.640969276428
-0.246528252959 0.905387818813 -0.345682352781
0.592754364014 0.423060178757 0.685319542885
-0.00838193507443
0 0 0

00000091.jpg
E:\zhaochen\VisualSFM_windows_64bit\wide-baseline\science-building\260.jpg
1539.87634277
960 540
8.71634101868 0.32983070612 0.048593018204
-6.6319975853 0.000307101756334 5.66589784622
0.431446936122 -0.692709290024 -0.117349954333
0.916226165586 0.209665141676 -0.336627703834 -0.0570271631131
0.766859650612 -0.0366586558521 -0.640767455101
-0.245657771826 0.905576944351 -0.345807433128
0.592940986156 0.422595322132 0.685444951057
-0.0085319732303
0 0 0

00000092.jpg
E:\zhaochen\VisualSFM_windows_64bit\wide-baseline\science-building\240.jpg
1535.03857422
960 540
8.79462623596 0.325292557478 0.0622777976096
-6.62664031982 0.00433804094791 5.79160785675
0.430952627149 -0.70555218502 -0.119873695463
0.914024197355 0.209264924863 -0.342606856726 -0.058209089106
0.758464396 -0.036982126534 -0.650663912296
-0.24980019033 0.905639529228 -0.342660814524
0.601939916611 0.422432005405 0.677657008171
-0.0107993264419
0 0 0

00000093.jpg
E:\zhaochen\VisualSFM_windows_64bit\wide-baseline\science-building\220.jpg
1538.61328125
960 540
8.85654449463 0.244656071067 0.233448877931
-6.62360620499 0.00206429511309 5.88901853561
0.428470270968 -0.734920420867 -0.126652611604
0.908949211237 0.207692694461 -0.356238490199 -0.0613924091049
0.738649785519 -0.0363710895181 -0.673107087612
-0.259581416845 0.906189382076 -0.333823561668
0.622103691101 0.421304881573 0.65991550684
-0.00763887301164
0 0 0

00000094.jpg
E:\zhaochen\VisualSFM_windows_64bit\wide-baseline\science-building\200.jpg
1538.2121582
960 540
8.91921234131 0.278433799744 0.171800926328
-6.61340618134 0.00126633048058 5.99352216721
0.428148571535 -0.736521752067 -0.126712453744
0.908695333678 0.207518412961 -0.356983148519 -0.0614159874668
0.737582564354 -0.0365441888571 -0.674267888069
-0.259777873755 0.906328260899 -0.333293139935
0.623287796974 0.420990914106 0.658998012543
-0.00742817336197
0 0 0

00000095.jpg
E:\zhaochen\VisualSFM_windows_64bit\wide-baseline\science-building\180.jpg
1538.39880371
960 540
8.97777462006 0.318652361631 0.0978729203343
-6.60176849365 0.00138286873698 6.09328508377
0.42765769071 -0.736374607244 -0.126058621643
0.908792480882 0.207287500382 -0.356923901981 -0.0611011497038
0.737743377686 -0.0369151644409 -0.674070417881
-0.259028226137 0.90659737587 -0.333145827055
0.623408615589 0.420379459858 0.659274339676
-0.00728723595163
0 0 0

00000096.jpg
E:\zhaochen\VisualSFM_windows_64bit\wide-baseline\science-building\160.jpg
1538.53393555
960 540
9.02830028534 0.357590317726 0.0255286134779
-6.58537912369 0.00135251507163 6.18639183044
0.427342826174 -0.736238813904 -0.125515970116
0.908865885764 0.207140178082 -0.356867202823 -0.060839679081
0.737888157368 -0.0372528769076 -0.6738935709
-0.258433312178 0.906783282757 -0.333102017641
0.623484134674 0.419948548079 0.659477353096
-0.00757791198295
0 0 0

00000097.jpg
E:\zhaochen\VisualSFM_windows_64bit\wide-baseline\science-building\140.jpg
1538.23669434
960 540
9.07366943359 0.391866266727 -0.0423735938966
-6.56832456589 0.00313545204699 6.27247428894
0.426898828677 -0.736242932616 -0.124991839308
0.908927013717 0.206929368967 -0.356876794261 -0.0605869135646
0.737936139107 -0.0375585220754 -0.673824608326
-0.257834851742 0.907018959522 -0.332923352718
0.623675227165 0.419411420822 0.659638166428
-0.00799268012575
0 0 0

00000098.jpg
E:\zhaochen\VisualSFM_windows_64bit\wide-baseline\science-building\120.jpg
1538.17089844
960 540
9.11341571808 0.423628598452 -0.102417781949
-6.55433702469 0.00456400588155 6.34703731537
0.426667146897 -0.735998730452 -0.124383004485
0.909012972813 0.206823255913 -0.35676909949 -0.0602935992493
0.738160848618 -0.0379609726369 -0.67355543375
-0.257191628218 0.907177746296 -0.332988202572
0.623675525188 0.419031888247 0.659879744053
-0.0084449496549
0 0 0

00000099.jpg
E:\zhaochen\VisualSFM_windows_64bit\wide-baseline\science-building\100.jpg
1538.0559082
960 540
9.14852046967 0.451646655798 -0.150170117617
-6.54580354691 0.00280306488276 6.4089307785
0.426794800309 -0.735660403901 -0.124066956696
0.909069583179 0.206889212134 -0.356612126604 -0.0601415830374
0.738421261311 -0.0382127687335 -0.67325592041
-0.256904304028 0.907159805298 -0.333259046078
0.623485028744 0.41904771328 0.660048961639
-0.00862498057088
0 0 0

00000100.jpg
E:\zhaochen\VisualSFM_windows_64bit\wide-baseline\science-building\80.jpg
1537.3984375
960 540
9.177069664 0.475697547197 -0.183729916811
-6.54275465012 0.00175597518682 6.45530986786
0.427436224616 -0.735302547127 -0.123562118517
0.909082155497 0.207201050086 -0.356440215221 -0.0598971243733
0.738725244999 -0.0388069115579 -0.672888636589
-0.256612539291 0.906960070133 -0.334026068449
0.623245120049 0.419425040483 0.660036146641
-0.00896872297982
0 0 0

00000101.jpg
E:\zhaochen\VisualSFM_windows_64bit\wide-baseline\science-building\60.jpg
1537.65527344
960 540
9.1967420578 0.492397069931 -0.198826953769
-6.54562330246 0.000519551336765 6.48203611374
0.428410486184 -0.735090159338 -0.123094298625
0.909032889704 0.207669764679 -0.356331148118 -0.0596693238217
0.738934874535 -0.0395157188177 -0.672616481781
-0.256481230259 0.906625628471 -0.335033267736
0.623050451279 0.420081317425 0.659802675247
-0.00860490695416
0 0 0

00000102.jpg
E:\zhaochen\VisualSFM_windows_64bit\wide-baseline\science-building\40.jpg
1536.91906738
960 540
9.21030330658 0.502991199493 -0.208929643035
-6.54829359055 -0.000155389308929 6.49970340729
0.429006817402 -0.734897249005 -0.122796814321
0.909014226852 0.207957482001 -0.356235321289 -0.0595247331001
0.739106059074 -0.0399460755289 -0.672403156757
-0.256381392479 0.906421482563 -0.335663169622
0.622888743877 0.420482069254 0.65969991684
-0.0091348246301
0 0 0

00000103.jpg
E:\zhaochen\VisualSFM_windows_64bit\wide-baseline\science-building\20.jpg
1537.03369141
960 540
9.21684169769 0.508844017982 -0.214423969388
-6.54937648773 0.00126893818378 6.50851106644
0.429961527081 -0.734746137185 -0.122671086018
0.908945530814 0.208415285031 -0.356153553195 -0.0594623652287
0.739237487316 -0.0403595380485 -0.672234117985
-0.256551742554 0.906055033207 -0.336520969868
0.622662603855 0.421231597662 0.659435391426
-0.0087744691364
0 0 0

00000104.jpg
E:\zhaochen\VisualSFM_windows_64bit\wide-baseline\science-building\2100.jpg
1548.84094238
960 540
-7.54253768921 1.28944838047 -3.28264331818
4.65737915039 -0.0296905040741 6.90190410614
0.425704732501 0.523376935586 0.157186226112
0.940615373226 0.208622059213 0.256487573923 0.0770311243166
0.856560468674 -0.0378953292966 0.514653384686
0.2519313097 0.901086330414 -0.352951109409
-0.450371235609 0.431981354952 0.781382322311
-0.00363005331123
0 0 0

00000105.jpg
E:\zhaochen\VisualSFM_windows_64bit\wide-baseline\science-building\2120.jpg
1542.0144043
960 540
-8.315284729 0.345831036568 -1.53567695618
4.80301427841 -0.0184957385063 6.96796894073
0.411076190505 0.761063561691 0.219923709573
0.902070569718 0.198783829393 0.36802698064 0.106348356273
0.706492543221 -0.0455515757203 0.706253230572
0.338183313608 0.898350477219 -0.280355930328
-0.62169200182 0.436912238598 0.650082230568
-0.00860927595731
0 0 0

00000106.jpg
E:\zhaochen\VisualSFM_windows_64bit\wide-baseline\science-building\2140.jpg
1542.45617676
960 540
-8.38031864166 0.308529049158 -1.49637317657
4.88314008713 -0.0207971930504 6.97987127304
0.410874962436 0.760978470717 0.222111201848
0.901989400736 0.198680888037 0.367975399238 0.107403114964
0.706117749214 -0.0475335679948 0.706497490406
0.339972317219 0.897981345654 -0.279372781515
-0.621142148972 0.437459439039 0.650240421295
-0.00813163290007
0 0 0

00000107.jpg
E:\zhaochen\VisualSFM_windows_64bit\wide-baseline\science-building\2160.jpg
1542.39099121
960 540
-8.4347410202 0.312521070242 -1.46841692924
4.93801593781 -0.0192030668259 7.00102996826
0.412910396967 0.761371530309 0.220603000454
0.901794976817 0.199651572442 0.368140459421 0.106666570398
0.70618981123 -0.0453830398619 0.706566751003
0.339382469654 0.897523283958 -0.281553000212
-0.621382117271 0.438626140356 0.64922362566
-0.00805016754435
0 0 0

00000108.jpg
E:\zhaochen\VisualSFM_windows_64bit\wide-baseline\science-building\2180.jpg
1542.63391113
960 540
-8.49425411224 0.324860662222 -1.47738468647
4.97601175308 -0.0165204405785 7.04837322235
0.413696027041 0.76090715644 0.219146803237
0.901879286026 0.200037334387 0.367926761053 0.105965587033
0.706802368164 -0.0439381711185 0.706045031548
0.33833450079 0.897512495518 -0.282843768597
-0.621257066727 0.438794344664 0.649230122566
-0.00715718154056
0 0 0

00000109.jpg
E:\zhaochen\VisualSFM_windows_64bit\wide-baseline\science-building\2200.jpg
1542.01782227
960 540
-8.56597328186 0.331416159868 -1.47257769108
5.00325965881 -0.0186436772346 7.11486196518
0.414284678169 0.764455065384 0.219215713978
0.901162534483 0.200271805476 0.369549742525 0.105972364271
0.704405426979 -0.0429757572711 0.708495497704
0.339017540216 0.897321939468 -0.282630741596
-0.623602032661 0.439279049635 0.646648287773
-0.00749241704641
0 0 0

00000110.jpg
E:\zhaochen\VisualSFM_windows_64bit\wide-baseline\science-building\2220.jpg
1548.35449219
960 540
-8.72763538361 -0.368402659893 -0.0966142266989
5.01332616806 -0.00878129154444 7.15424013138
0.398022391759 0.940750488426 0.25974950795
0.864321293628 0.189926511866 0.44890303285 0.123946087018
0.566246986389 -0.0437412410975 0.823074102402
0.384775727987 0.897130429745 -0.217035397887
-0.728911697865 0.439594715834 0.524827778339
-0.0128946351712
0 0 0

00000111.jpg
E:\zhaochen\VisualSFM_windows_64bit\wide-baseline\science-building\2240.jpg
1547.60473633
960 540
-8.81413269043 -0.67960524559 0.587734937668
5.046667099 -0.0177968144417 7.28196954727
0.394259265846 1.02926420206 0.279955897199
0.84265848041 0.186678021652 0.48734683403 0.132556461106
0.48984375596 -0.0414456985891 0.870824635029
0.405353605747 0.895160615444 -0.185409709811
-0.771843135357 0.443813562393 0.455288887024
-0.0104297836878
0 0 0

00000112.jpg
E:\zhaochen\VisualSFM_windows_64bit\wide-baseline\science-building\2260.jpg
1546.93395996
960 540
-8.90625667572 -0.64362770319 0.537295758724
5.04644680023 -0.0155704915524 7.38630962372
0.395040878144 1.02861868621 0.278011064455
0.842871150853 0.187062421087 0.487078458113 0.131645674367
0.490848302841 -0.0396923385561 0.870341062546
0.404149025679 0.895354092121 -0.187095478177
-0.771836459637 0.443582594395 0.455524712801
-0.00973842781139
0 0 0

00000113.jpg
E:\zhaochen\VisualSFM_windows_64bit\wide-baseline\science-building\2280.jpg
1546.56640625
960 540
-9.00091457367 -0.602045595646 0.473831862211
5.03695106506 -0.015007480979 7.49882555008
0.396048962421 1.02768332356 0.276452391549
0.843106735469 0.18755567152 0.486676785318 0.130918696575
0.492012292147 -0.0381988510489 0.869750142097
0.403314888477 0.895366072655 -0.188828632236
-0.771531760693 0.4436891675 0.455937504768
-0.00888217331333
0 0 0

00000114.jpg
E:\zhaochen\VisualSFM_windows_64bit\wide-baseline\science-building\2300.jpg
1545.97460938
960 540
-9.09781074524 -0.5557102561 0.40116494894
5.01871490479 -0.0158991366625 7.61919784546
0.396983341354 1.02685408302 0.275086290787
0.843309936735 0.18801190491 0.486319631334 0.130281279232
0.493040204048 -0.0368673764169 0.869225144386
0.402602612972 0.895356595516 -0.190387919545
-0.771247565746 0.443821310997 0.456289798021
-0.00898335754701
0 0 0

00000115.jpg
E:\zhaochen\VisualSFM_windows_64bit\wide-baseline\science-building\2320.jpg
1546.72839355
960 540
-9.19733428955 -0.504110097885 0.320596158504
4.99675655365 -0.0152973681688 7.74467897415
0.397674949622 1.02574790548 0.273176669907
0.843637573735 0.188361647407 0.485852994975 0.129392126977
0.494408905506 -0.0352880135179 0.868512809277
0.401352226734 0.895555138588 -0.192086875439
-0.771022558212 0.443548977375 0.456933379173
-0.00764472787563
0 0 0

00000116.jpg
E:\zhaochen\VisualSFM_windows_64bit\wide-baseline\science-building\2340.jpg
1546.09533691
960 540
-9.29825687408 -0.445766568184 0.225825309753
4.96449565887 -0.0125787481666 7.87787628174
0.39881970358 1.02438431611 0.271223022028
0.843986672304 0.188927585093 0.485268037941 0.128482896189
0.496014356613 -0.0335148014128 0.8676674366
0.400236606598 0.89559674263 -0.194207280874
-0.77057158947 0.44360217452 0.457642912865
-0.0075156860089
0 0 0

00000117.jpg
E:\zhaochen\VisualSFM_windows_64bit\wide-baseline\science-building\2360.jpg
1545.17333984
960 540
-9.40923595428 -0.368401408195 0.100513614714
4.93443489075 -0.0108247436583 8.0206489563
0.400549823305 1.01968068914 0.268319995602
0.845147260744 0.189826351666 0.483241419222 0.127160724786
0.500615954399 -0.0314752534032 0.865097343922
0.398402899504 0.895592033863 -0.197963744402
-0.768543303013 0.443761140108 0.46088758111
-0.00748787240211
0 0 0

00000118.jpg
E:\zhaochen\VisualSFM_windows_64bit\wide-baseline\science-building\2380.jpg
1543.87182617
960 540
-9.52373123169 -0.232994928956 -0.154469400644
4.90958118439 -0.00783623754978 8.16551017761
0.403486266121 1.00001854872 0.262460455193
0.849945089726 0.191547556769 0.474740098525 0.12459819122
0.518194139004 -0.0299326460809 0.854739129543
0.393673837185 0.895569801331 -0.207306340337
-0.759272933006 0.443913280964 0.475862681866
-0.00765186651377
0 0 0

00000119.jpg
E:\zhaochen\VisualSFM_windows_64bit\wide-baseline\science-building\2400.jpg
1543.94567871
960 540
-9.63959407806 -0.151969403028 -0.303609460592
4.90081882477 -0.00364284217358 8.30776882172
0.40441390814 0.991433843894 0.258703694119
0.852118354457 0.192137494934 0.471031315503 0.122910411135
0.526045084 -0.0284629371017 0.849980354309
0.390473932028 0.895952045918 -0.211658358574
-0.755517363548 0.443237185478 0.482425630093
-0.00755959531956
0 0 0

00000120.jpg
E:\zhaochen\VisualSFM_windows_64bit\wide-baseline\science-building\2420.jpg
1543.98608398
960 540
-9.76591873169 -0.107327230275 -0.384713739157
4.90331268311 -0.00272303819656 8.45519161224
0.405105657994 0.989923191153 0.257582143782
0.852476198516 0.192490809365 0.470373870406 0.122393243235
0.527536690235 -0.0275894086808 0.849084377289
0.389759898186 0.895934522152 -0.213046476245
-0.754845738411 0.443328857422 0.483391463757
-0.00693014053239
0 0 0

00000121.jpg
E:\zhaochen\VisualSFM_windows_64bit\wide-baseline\science-building\2440.jpg
1542.22802734
960 540
-9.89838981628 -0.0682989284396 -0.465439736843
4.91119098663 0.000253826379776 8.60694980621
0.405341279717 0.988468842272 0.256558992102
0.85285775956 0.19262907966 0.469746983312 0.121923734394
0.528944611549 -0.0269933026284 0.848226726055
0.38894110918 0.896057367325 -0.214023768902
-0.754282712936 0.443117052317 0.484463453293
-0.00768632906115
0 0 0

00000122.jpg
E:\zhaochen\VisualSFM_windows_64bit\wide-baseline\science-building\2460.jpg
1543.26879883
960 540
-10.0343770981 -0.029635950923 -0.534748494625
4.92956590652 -0.00155870616436 8.75642204285
0.405836662476 0.987058811216 0.255727847991
0.853191580462 0.192887545533 0.469132951741 0.121543274633
0.530283033848 -0.0264195483178 0.847408950329
0.388379245996 0.896042943001 -0.215100005269
-0.753632187843 0.443180114031 0.485417515039
-0.00714401621729
0 0 0

00000123.jpg
E:\zhaochen\VisualSFM_windows_64bit\wide-baseline\science-building\2480.jpg
1540.93188477
960 540
-10.1745834351 0.0058091445826 -0.611826658249
4.94163322449 0.00137928128242 8.91497421265
0.406065303454 0.98611142582 0.255063579189
0.853432042374 0.193012824768 0.468723011334 0.121237991761
0.531200349331 -0.0259977225214 0.846847355366
0.387875825167 0.896094977856 -0.21579259634
-0.753245592117 0.443100720644 0.486089676619
-0.00789743524024
0 0 0

00000124.jpg
E:\zhaochen\VisualSFM_windows_64bit\wide-baseline\science-building\2500.jpg
1540.73632813
960 540
-10.3164701462 0.043126206845 -0.689605593681
4.95594549179 0.00162377953529 9.07444381714
0.406142892188 0.98489803358 0.254395308645
0.853749201783 0.193071615685 0.468199390622 0.12093407076
0.532328367233 -0.0257027130574 0.846147418022
0.387286752462 0.896196901798 -0.21642690897
-0.752752006054 0.442912042141 0.487025529146
-0.00671619861037
0 0 0

00000125.jpg
E:\zhaochen\VisualSFM_windows_64bit\wide-baseline\science-building\2520.jpg
1540.72241211
960 540
-10.4571561813 0.0801286697388 -0.771514475346
4.96715545654 0.000829964876175 9.23478031158
0.406309605745 0.983580404561 0.254158562898
0.854055679 0.193172048562 0.467624291889 0.120834776142
0.533453226089 -0.0257353913039 0.845438241959
0.387063115835 0.896167099476 -0.216948911548
-0.752070486546 0.442969828844 0.48802408576
-0.00591559895814
0 0 0

00000126.jpg
E:\zhaochen\VisualSFM_windows_64bit\wide-baseline\science-building\2540.jpg
1539.22485352
960 540
-10.6000432968 0.120343841612 -0.859264075756
4.97173309326 0.00132581591606 9.40189170837
0.406515411859 0.982571646244 0.25383824721
0.854290852397 0.193286155671 0.467183999998 0.12069264174
0.534344732761 -0.0256127789617 0.844878315926
0.386813700199 0.896147549152 -0.217473819852
-0.751565754414 0.443016558886 0.488759160042
-0.00583968583181
0 0 0

00000127.jpg
E:\zhaochen\VisualSFM_windows_64bit\wide-baseline\science-building\2560.jpg
1539.71728516
960 540
-10.7406816483 0.148477673531 -0.948730647564
4.97769832611 -0.000472098588943 9.5659236908
0.405536690211 0.981429838571 0.254357240426
0.854620560949 0.192843543415 0.466696139343 0.120953671323
0.535129964352 -0.0267402138561 0.844346404076
0.386737763882 0.896363079548 -0.216718941927
-0.751046061516 0.442513287067 0.490012168884
-0.00533390241824
0 0 0

00000128.jpg
E:\zhaochen\VisualSFM_windows_64bit\wide-baseline\science-building\2580.jpg
1539.21386719
960 540
-10.8569698334 0.14296464622 -1.0562813282
4.97147417068 -0.00139933824539 9.71053218842
0.401501750698 0.979504900404 0.257026790148
0.855294192372 0.190970818885 0.465892994505 0.122252559309
0.535996198654 -0.0311798211187 0.843644618988
0.3870677948 0.897168815136 -0.212759226561
-0.750257670879 0.440585702658 0.492947608232
-0.0045135458183
0 0 0

