1537.89 0 960 0 1537.89 540 0 0 1 
1539.03 0 960 0 1539.03 540 0 0 1 
1538.82 0 960 0 1538.82 540 0 0 1 
1538.89 0 960 0 1538.89 540 0 0 1 
1538.02 0 960 0 1538.02 540 0 0 1 
1540.84 0 960 0 1540.84 540 0 0 1 
1537.84 0 960 0 1537.84 540 0 0 1 
1537.77 0 960 0 1537.77 540 0 0 1 
1543.66 0 960 0 1543.66 540 0 0 1 
1537.91 0 960 0 1537.91 540 0 0 1 
1538.41 0 960 0 1538.41 540 0 0 1 
1538.92 0 960 0 1538.92 540 0 0 1 
1537.94 0 960 0 1537.94 540 0 0 1 
1537.72 0 960 0 1537.72 540 0 0 1 
1537.18 0 960 0 1537.18 540 0 0 1 
1537.9 0 960 0 1537.9 540 0 0 1 
1538.92 0 960 0 1538.92 540 0 0 1 
1541.88 0 960 0 1541.88 540 0 0 1 
1547.57 0 960 0 1547.57 540 0 0 1 
1542.55 0 960 0 1542.55 540 0 0 1 
1542.59 0 960 0 1542.59 540 0 0 1 
1542.43 0 960 0 1542.43 540 0 0 1 
1540.75 0 960 0 1540.75 540 0 0 1 
1543.33 0 960 0 1543.33 540 0 0 1 
1542.96 0 960 0 1542.96 540 0 0 1 
1542.75 0 960 0 1542.75 540 0 0 1 
1542.81 0 960 0 1542.81 540 0 0 1 
1542.54 0 960 0 1542.54 540 0 0 1 
1542.79 0 960 0 1542.79 540 0 0 1 
1542.72 0 960 0 1542.72 540 0 0 1 
1542.31 0 960 0 1542.31 540 0 0 1 
1543.16 0 960 0 1543.16 540 0 0 1 
1542.46 0 960 0 1542.46 540 0 0 1 
1541.59 0 960 0 1541.59 540 0 0 1 
1541.31 0 960 0 1541.31 540 0 0 1 
1540.93 0 960 0 1540.93 540 0 0 1 
1540.69 0 960 0 1540.69 540 0 0 1 
1540.7 0 960 0 1540.7 540 0 0 1 
1538.27 0 960 0 1538.27 540 0 0 1 
1538.76 0 960 0 1538.76 540 0 0 1 
1538.85 0 960 0 1538.85 540 0 0 1 
1540.18 0 960 0 1540.18 540 0 0 1 
1538.15 0 960 0 1538.15 540 0 0 1 
1540.59 0 960 0 1540.59 540 0 0 1 
1541.09 0 960 0 1541.09 540 0 0 1 
1547.11 0 960 0 1547.11 540 0 0 1 
1537.18 0 960 0 1537.18 540 0 0 1 
1537.32 0 960 0 1537.32 540 0 0 1 
1537.39 0 960 0 1537.39 540 0 0 1 
1538.06 0 960 0 1538.06 540 0 0 1 
1537.89 0 960 0 1537.89 540 0 0 1 
1537.51 0 960 0 1537.51 540 0 0 1 
1536.79 0 960 0 1536.79 540 0 0 1 
1536.88 0 960 0 1536.88 540 0 0 1 
1537.34 0 960 0 1537.34 540 0 0 1 
1537.4 0 960 0 1537.4 540 0 0 1 
1537.71 0 960 0 1537.71 540 0 0 1 
1537.18 0 960 0 1537.18 540 0 0 1 
1537.01 0 960 0 1537.01 540 0 0 1 
1538.04 0 960 0 1538.04 540 0 0 1 
1539.02 0 960 0 1539.02 540 0 0 1 
1539.5 0 960 0 1539.5 540 0 0 1 
1539.72 0 960 0 1539.72 540 0 0 1 
1539.66 0 960 0 1539.66 540 0 0 1 
1539.84 0 960 0 1539.84 540 0 0 1 
1539.86 0 960 0 1539.86 540 0 0 1 
1539.34 0 960 0 1539.34 540 0 0 1 
1539.94 0 960 0 1539.94 540 0 0 1 
1540.02 0 960 0 1540.02 540 0 0 1 
1540.05 0 960 0 1540.05 540 0 0 1 
1540.41 0 960 0 1540.41 540 0 0 1 
1540.35 0 960 0 1540.35 540 0 0 1 
1540.71 0 960 0 1540.71 540 0 0 1 
1540.75 0 960 0 1540.75 540 0 0 1 
1539.22 0 960 0 1539.22 540 0 0 1 
1540.46 0 960 0 1540.46 540 0 0 1 
1540.6 0 960 0 1540.6 540 0 0 1 
1539.63 0 960 0 1539.63 540 0 0 1 
1539.47 0 960 0 1539.47 540 0 0 1 
1539.31 0 960 0 1539.31 540 0 0 1 
1539.58 0 960 0 1539.58 540 0 0 1 
1538.61 0 960 0 1538.61 540 0 0 1 
1539.6 0 960 0 1539.6 540 0 0 1 
1539.59 0 960 0 1539.59 540 0 0 1 
1537.24 0 960 0 1537.24 540 0 0 1 
1539.09 0 960 0 1539.09 540 0 0 1 
1539.1 0 960 0 1539.1 540 0 0 1 
1538.95 0 960 0 1538.95 540 0 0 1 
1539.03 0 960 0 1539.03 540 0 0 1 
1539.13 0 960 0 1539.13 540 0 0 1 
1540.06 0 960 0 1540.06 540 0 0 1 
1539.88 0 960 0 1539.88 540 0 0 1 
1535.04 0 960 0 1535.04 540 0 0 1 
1538.61 0 960 0 1538.61 540 0 0 1 
1538.21 0 960 0 1538.21 540 0 0 1 
1538.4 0 960 0 1538.4 540 0 0 1 
1538.53 0 960 0 1538.53 540 0 0 1 
1538.24 0 960 0 1538.24 540 0 0 1 
1538.17 0 960 0 1538.17 540 0 0 1 
1538.06 0 960 0 1538.06 540 0 0 1 
1537.4 0 960 0 1537.4 540 0 0 1 
1537.66 0 960 0 1537.66 540 0 0 1 
1536.92 0 960 0 1536.92 540 0 0 1 
1537.03 0 960 0 1537.03 540 0 0 1 
1548.84 0 960 0 1548.84 540 0 0 1 
1542.01 0 960 0 1542.01 540 0 0 1 
1542.46 0 960 0 1542.46 540 0 0 1 
1542.39 0 960 0 1542.39 540 0 0 1 
1542.63 0 960 0 1542.63 540 0 0 1 
1542.02 0 960 0 1542.02 540 0 0 1 
1548.35 0 960 0 1548.35 540 0 0 1 
1547.6 0 960 0 1547.6 540 0 0 1 
1546.93 0 960 0 1546.93 540 0 0 1 
1546.57 0 960 0 1546.57 540 0 0 1 
1545.97 0 960 0 1545.97 540 0 0 1 
1546.73 0 960 0 1546.73 540 0 0 1 
1546.1 0 960 0 1546.1 540 0 0 1 
1545.17 0 960 0 1545.17 540 0 0 1 
1543.87 0 960 0 1543.87 540 0 0 1 
1543.95 0 960 0 1543.95 540 0 0 1 
1543.99 0 960 0 1543.99 540 0 0 1 
1542.23 0 960 0 1542.23 540 0 0 1 
1543.27 0 960 0 1543.27 540 0 0 1 
1540.93 0 960 0 1540.93 540 0 0 1 
1540.74 0 960 0 1540.74 540 0 0 1 
1540.72 0 960 0 1540.72 540 0 0 1 
1539.22 0 960 0 1539.22 540 0 0 1 
1539.72 0 960 0 1539.72 540 0 0 1 
1539.21 0 960 0 1539.21 540 0 0 1 
