-0.191205 1.06974 -2.19422 
-0.988504 1.20515 -2.51925 
-0.319928 1.0906 -2.23673 
-0.442693 1.11739 -2.29185 
-0.382388 1.10302 -2.26233 
-0.496721 1.12283 -2.31945 
-0.54376 1.13399 -2.34381 
-0.585193 1.14215 -2.36908 
-0.630831 1.14861 -2.38576 
-0.734806 1.15489 -2.40283 
-0.762969 1.16648 -2.42886 
-0.796479 1.17515 -2.45027 
-0.837766 1.19088 -2.48248 
-0.939899 1.18569 -2.48151 
-1.00628 1.2229 -2.55706 
-0.256847 1.08001 -2.21369 
-0.126952 1.06101 -2.17705 
-0.0621364 1.05476 -2.16111 
0.00372713 1.04978 -2.14855 
0.0696218 1.04512 -2.14028 
0.13577 1.04273 -2.13344 
0.20496 1.04146 -2.13025 
-1.11236 1.202 -2.53761 
-1.24459 1.21731 -2.56649 
-1.26248 1.23824 -2.60754 
-1.28111 1.25994 -2.65256 
-1.30143 1.28161 -2.69579 
-1.32507 1.30342 -2.7407 
-1.3524 1.32442 -2.7856 
-1.38298 1.34348 -2.82768 
-1.41594 1.36392 -2.86858 
-1.45545 1.38323 -2.90859 
-1.49718 1.39924 -2.94342 
-1.54048 1.41309 -2.97554 
-1.58926 1.42851 -3.00537 
-1.63545 1.43291 -3.03448 
-1.67397 1.43839 -3.05723 
-1.70744 1.44225 -3.07777 
-1.73492 1.44366 -3.09079 
-1.92132 1.4089 -3.04667 
-1.93698 1.408 -3.05089 
-1.97576 1.39399 -3.03198 
-1.83129 1.4215 -3.06165 
-2.12246 1.33648 -2.94502 
0.279283 1.04045 -2.13555 
0.465061 1.03463 -2.12193 
-2.50402 1.18276 -2.6821 
-2.80661 1.09342 -2.48856 
-2.82951 1.09452 -2.48233 
-2.85788 1.09352 -2.47758 
-2.8905 1.09159 -2.47183 
-2.92526 1.09021 -2.4662 
-2.96374 1.08608 -2.46096 
-3.00443 1.08456 -2.45466 
-3.04768 1.0823 -2.44802 
-3.09379 1.08188 -2.44484 
-3.1425 1.07895 -2.4394 
-2.78884 1.09656 -2.498 
-3.19218 1.07899 -2.439 
-3.24549 1.07738 -2.43751 
-3.29628 1.07922 -2.43995 
-3.3476 1.08076 -2.44362 
-3.40333 1.08309 -2.45054 
-3.45855 1.08351 -2.45142 
-3.56169 1.06157 -2.40761 
-3.6173 1.06618 -2.41587 
-3.69565 1.05231 -2.39215 
-3.78569 1.04223 -2.36937 
-3.84076 1.04978 -2.38117 
-3.93139 1.03433 -2.35526 
-3.98807 1.0398 -2.37307 
-4.04355 1.05059 -2.3925 
-4.09939 1.05837 -2.41786 
-4.15508 1.0664 -2.4423 
-4.20929 1.08206 -2.46821 
-4.26818 1.09668 -2.49248 
-4.32627 1.1073 -2.51527 
-4.38434 1.11944 -2.53955 
-4.44473 1.12353 -2.56257 
-4.50539 1.12772 -2.57882 
-4.56629 1.13312 -2.59077 
-4.62785 1.1328 -2.6023 
-4.69246 1.13248 -2.60186 
-4.75748 1.13428 -2.60521 
-4.82452 1.13219 -2.60669 
-4.89163 1.12803 -2.60615 
-4.9611 1.12495 -2.59857 
-5.03088 1.11937 -2.59535 
-5.1111 1.1021 -2.56987 
-5.20459 1.06507 -2.52011 
-5.32253 0.978529 -2.40827 
0.812499 1.01681 -2.07546 
0.919097 1.01755 -2.07172 
1.02459 1.01547 -2.06357 
1.10292 1.0178 -2.07149 
1.18255 1.0228 -2.08008 
1.26011 1.02872 -2.09402 
1.33628 1.0351 -2.10747 
1.41056 1.04177 -2.11964 
1.48277 1.04853 -2.13286 
1.55265 1.05538 -2.1464 
1.62164 1.06174 -2.15692 
1.68901 1.06949 -2.16496 
1.7556 1.07248 -2.16348 
1.82243 1.07398 -2.161 
1.89008 1.07266 -2.14884 
1.95681 1.06645 -2.13329 
2.0224 1.05775 -2.11027 
0.673202 1.01898 -2.08912 
2.08621 1.04527 -2.08354 
2.14833 1.03526 -2.05176 
2.20679 1.02048 -2.01592 
2.2631 1.00258 -1.97428 
2.31546 0.98543 -1.93053 
2.36468 0.966003 -1.88366 
2.41375 0.944367 -1.83056 
2.45976 0.921168 -1.77479 
2.50561 0.896079 -1.71852 
2.5528 0.86922 -1.65955 
2.59988 0.842061 -1.60298 
2.64878 0.817167 -1.54865 
2.69946 0.793718 -1.4969 
2.75012 0.769736 -1.44801 
2.80337 0.749014 -1.4006 
2.85772 0.729388 -1.35775 
2.91506 0.710563 -1.31659 
3.00096 0.672229 -1.23777 
3.0665 0.644264 -1.1691 
3.12383 0.630667 -1.13255 
3.18116 0.618626 -1.10129 
3.24031 0.606659 -1.06866 
3.33259 0.556401 -0.954235 
3.38473 0.547656 -0.923219 
3.44061 0.538782 -0.899254 
3.50313 0.519902 -0.851115 
3.55377 0.513539 -0.826515 
3.60416 0.510008 -0.80704 
3.65395 0.507265 -0.790572 
3.70116 0.504645 -0.777055 
3.74633 0.504752 -0.764534 
3.78914 0.504864 -0.753522 
3.82941 0.506968 -0.746806 
3.86625 0.508787 -0.740224 
3.89913 0.514239 -0.736549 
3.92891 0.521201 -0.734206 
3.95758 0.526515 -0.73256 
3.98535 0.532425 -0.735068 
4.01434 0.532782 -0.737824 
4.05153 0.528952 -0.732363 
4.12768 0.454201 -0.585216 
4.19841 0.351339 -0.375677 
4.25562 0.27606 -0.225438 
4.31409 0.198666 -0.0690222 
4.3677 0.117204 0.0907255 
4.41759 0.0514403 0.217997 
4.4732 0.0409243 0.235358 
4.54062 0.0398703 0.228371 
4.6137 0.0404494 0.220756 
4.69002 0.0400737 0.21104 
4.77229 0.0417595 0.199988 
4.85627 0.0477194 0.190441 
4.94166 0.0514905 0.180281 
5.02946 0.0551695 0.166985 
5.11885 0.0232654 0.240631 
5.1955 0.0247883 0.246724 
5.27865 0.0367111 0.23667 
5.35895 0.0486545 0.223093 
5.43715 0.0614804 0.210823 
5.5123 0.0736827 0.194745 
-5.55918 0.740277 -2.00779 
5.58896 0.0332603 0.287015 
5.63858 -0.08343 0.530117 
5.68613 -0.127423 0.630805 
5.75174 -0.118213 0.616732 
5.813 -0.108142 0.607723 
5.8717 -0.0951837 0.58995 
5.92654 -0.0808195 0.572957 
5.9772 -0.0657142 0.551761 
6.02454 -0.0508262 0.532742 
6.06717 -0.034759 0.513405 
6.10511 -0.0171193 0.489383 
6.14059 0.000556103 0.468352 
6.17307 0.0185401 0.445607 
6.20367 0.0342027 0.416395 
6.23337 0.0503385 0.391208 
6.26105 0.0664389 0.359982 
6.28875 0.0494281 0.397332 
6.30313 -0.000877264 0.502889 
6.32471 -0.00605286 0.516295 
6.34904 0.00840389 0.490127 
6.37224 0.0202218 0.469165 
6.39549 0.0358572 0.439757 
6.41725 0.0511039 0.410844 
6.43739 0.0664687 0.382531 
6.45625 0.0811549 0.35581 
6.47411 0.0932868 0.328233 
6.49088 0.10756 0.303155 
6.50657 0.120414 0.27792 
6.52183 0.131825 0.258313 
6.53563 0.143624 0.238217 
6.54891 0.15347 0.221458 
6.56026 0.162007 0.206371 
6.57114 0.171342 0.19641 
6.57911 0.178877 0.188736 
6.58612 0.1835 0.18304 
6.59236 0.187182 0.179093 
6.60003 0.194054 0.174455 
6.60205 0.195249 0.171658 
6.60327 0.196323 0.169291 
6.59693 0.191035 0.176251 
-5.85826 0.236096 -1.10629 
-6.02006 0.0499073 -0.729127 
-6.04803 0.0298878 -0.713165 
-6.06958 0.0219182 -0.698638 
-6.08882 0.0236108 -0.685879 
-6.11125 0.0237928 -0.676684 
-6.13312 0.0283964 -0.679913 
-6.15681 0.0332221 -0.682907 
-6.18234 0.0414882 -0.693656 
-6.21147 0.0385302 -0.684118 
-6.23875 -0.110801 -0.390057 
-6.25268 -0.463113 0.308205 
-6.24876 -0.694824 0.805519 
-6.28418 -0.685754 0.7965 
-6.31898 -0.672964 0.775802 
-6.35509 -0.657963 0.758526 
-6.39109 -0.641694 0.732789 
-6.42862 -0.62711 0.710212 
-6.46557 -0.610005 0.683734 
-6.50333 -0.592367 0.655837 
-6.54075 -0.573612 0.622233 
-6.57985 -0.553843 0.591524 
-6.61868 -0.531398 0.555585 
-6.658 -0.510024 0.518652 
-6.69886 -0.487464 0.483247 
-6.74527 -0.452758 0.425104 
-6.7933 -0.40052 0.327993 
-6.84125 -0.354246 0.238751 
-6.88714 -0.311757 0.160923 
-6.93342 -0.293513 0.127511 
-6.98165 -0.276416 0.0970023 
-7.03079 -0.260542 0.0652578 
-7.08172 -0.243962 0.0369143 
-7.13343 -0.23118 0.00651636 
-7.18504 -0.215777 -0.0225776 
-7.23826 -0.202222 -0.0496945 
-7.29184 -0.188868 -0.0781439 
-7.34611 -0.175168 -0.107325 
-7.39977 -0.16039 -0.135558 
-7.45556 -0.146568 -0.165641 
-7.51086 -0.131468 -0.197158 
-7.56411 -0.118526 -0.228512 
-7.61965 -0.103425 -0.260579 
-7.67441 -0.0877261 -0.296556 
-7.72946 -0.074899 -0.329168 
-7.78176 -0.0657609 -0.366021 
-7.83258 -0.0606152 -0.402749 
-7.87452 -0.066971 -0.44085 
-7.91063 -0.069599 -0.470667 
