764.314 0 562 0 764.314 374.5 0 0 1 
764.157 0 562 0 764.157 374.5 0 0 1 
765.48 0 562 0 765.48 374.5 0 0 1 
765.228 0 562 0 765.228 374.5 0 0 1 
767.643 0 562 0 767.643 374.5 0 0 1 
764.055 0 562 0 764.055 374.5 0 0 1 
763.145 0 562 0 763.145 374.5 0 0 1 
764.712 0 562 0 764.712 374.5 0 0 1 
765.211 0 562 0 765.211 374.5 0 0 1 
763.897 0 562 0 763.897 374.5 0 0 1 
768.539 0 562 0 768.539 374.5 0 0 1 
768.253 0 562 0 768.253 374.5 0 0 1 
764.642 0 562 0 764.642 374.5 0 0 1 
763.415 0 562 0 763.415 374.5 0 0 1 
761.693 0 562 0 761.693 374.5 0 0 1 
761.823 0 562 0 761.823 374.5 0 0 1 
759.319 0 562 0 759.319 374.5 0 0 1 
760.237 0 562 0 760.237 374.5 0 0 1 
759.373 0 562 0 759.373 374.5 0 0 1 
761.906 0 562 0 761.906 374.5 0 0 1 
759.615 0 562 0 759.615 374.5 0 0 1 
760.282 0 562 0 760.282 374.5 0 0 1 
761.89 0 562 0 761.89 374.5 0 0 1 
766.565 0 562 0 766.565 374.5 0 0 1 
764.748 0 562 0 764.748 374.5 0 0 1 
764.151 0 562 0 764.151 374.5 0 0 1 
763.745 0 562 0 763.745 374.5 0 0 1 
761.802 0 562 0 761.802 374.5 0 0 1 
763.428 0 562 0 763.428 374.5 0 0 1 
764.476 0 562 0 764.476 374.5 0 0 1 
766.002 0 562 0 766.002 374.5 0 0 1 
768.31 0 562 0 768.31 374.5 0 0 1 
768.511 0 562 0 768.511 374.5 0 0 1 
769.822 0 562 0 769.822 374.5 0 0 1 
769.441 0 562 0 769.441 374.5 0 0 1 
768.687 0 562 0 768.687 374.5 0 0 1 
768.086 0 562 0 768.086 374.5 0 0 1 
766.936 0 562 0 766.936 374.5 0 0 1 
767.854 0 562 0 767.854 374.5 0 0 1 
770.379 0 562 0 770.379 374.5 0 0 1 
762.925 0 562 0 762.925 374.5 0 0 1 
767.548 0 562 0 767.548 374.5 0 0 1 
768.802 0 562 0 768.802 374.5 0 0 1 
763.498 0 562 0 763.498 374.5 0 0 1 
765.132 0 562 0 765.132 374.5 0 0 1 
763.91 0 562 0 763.91 374.5 0 0 1 
754.391 0 562 0 754.391 374.5 0 0 1 
746.781 0 562 0 746.781 374.5 0 0 1 
759.344 0 562 0 759.344 374.5 0 0 1 
760.943 0 562 0 760.943 374.5 0 0 1 
763.909 0 562 0 763.909 374.5 0 0 1 
770.983 0 562 0 770.983 374.5 0 0 1 
764.014 0 562 0 764.014 374.5 0 0 1 
762.163 0 562 0 762.163 374.5 0 0 1 
763.396 0 562 0 763.396 374.5 0 0 1 
761.972 0 562 0 761.972 374.5 0 0 1 
766.957 0 562 0 766.957 374.5 0 0 1 
766.998 0 562 0 766.998 374.5 0 0 1 
766.331 0 562 0 766.331 374.5 0 0 1 
763.146 0 562 0 763.146 374.5 0 0 1 
766.958 0 562 0 766.958 374.5 0 0 1 
761.54 0 562 0 761.54 374.5 0 0 1 
765.191 0 562 0 765.191 374.5 0 0 1 
763.298 0 562 0 763.298 374.5 0 0 1 
763.868 0 562 0 763.868 374.5 0 0 1 
762.857 0 562 0 762.857 374.5 0 0 1 
763.288 0 562 0 763.288 374.5 0 0 1 
764.406 0 562 0 764.406 374.5 0 0 1 
764.367 0 562 0 764.367 374.5 0 0 1 
767.73 0 562 0 767.73 374.5 0 0 1 
767.195 0 562 0 767.195 374.5 0 0 1 
763.042 0 562 0 763.042 374.5 0 0 1 
767.211 0 562 0 767.211 374.5 0 0 1 
766.253 0 562 0 766.253 374.5 0 0 1 
771.355 0 562 0 771.355 374.5 0 0 1 
755.83 0 562 0 755.83 374.5 0 0 1 
754.716 0 562 0 754.716 374.5 0 0 1 
755.427 0 562 0 755.427 374.5 0 0 1 
755.98 0 562 0 755.98 374.5 0 0 1 
753.602 0 562 0 753.602 374.5 0 0 1 
753.51 0 562 0 753.51 374.5 0 0 1 
755.45 0 562 0 755.45 374.5 0 0 1 
754.353 0 562 0 754.353 374.5 0 0 1 
775.997 0 562 0 775.997 374.5 0 0 1 
777.341 0 562 0 777.341 374.5 0 0 1 
777.425 0 562 0 777.425 374.5 0 0 1 
765.239 0 562 0 765.239 374.5 0 0 1 
757.169 0 562 0 757.169 374.5 0 0 1 
760.706 0 562 0 760.706 374.5 0 0 1 
763.789 0 562 0 763.789 374.5 0 0 1 
769.47 0 562 0 769.47 374.5 0 0 1 
761.543 0 562 0 761.543 374.5 0 0 1 
759.326 0 562 0 759.326 374.5 0 0 1 
761.146 0 562 0 761.146 374.5 0 0 1 
763.357 0 562 0 763.357 374.5 0 0 1 
776.638 0 562 0 776.638 374.5 0 0 1 
761.946 0 562 0 761.946 374.5 0 0 1 
759.285 0 562 0 759.285 374.5 0 0 1 
757.865 0 562 0 757.865 374.5 0 0 1 
759.48 0 562 0 759.48 374.5 0 0 1 
