-0.450614 0.976064 -3.64439 
-2.25298 0.737429 -3.41916 
-0.485766 1.0714 -3.99314 
-0.423919 0.995319 -3.82231 
-0.415115 0.919015 -3.50485 
-0.444432 1.11901 -4.39165 
-0.428413 0.915395 -3.44153 
-0.463551 1.27742 -5.04774 
-0.459549 -0.0181845 -4.6978 
-0.45325 0.237103 -4.65515 
-0.453449 0.149965 -4.69655 
-0.440359 0.169994 -4.51686 
-2.4412 0.759884 -3.42141 
-2.25117 0.71537 -3.42551 
-2.80264 0.767828 -3.45022 
-0.479539 1.40033 -5.58884 
-0.0324221 1.50828 -6.27546 
-0.518933 1.56432 -6.25271 
-0.494813 1.48763 -6.00697 
-0.506973 1.53304 -6.26164 
-0.529356 1.54936 -6.23208 
-0.538615 1.64621 -6.21188 
-0.555759 1.81826 -6.17482 
-0.051877 1.79197 -6.2168 
0.0153585 1.24293 -6.25704 
0.140431 1.15865 -6.02113 
-0.516966 1.72998 -4.33477 
-0.517766 1.78974 -4.31293 
-0.528676 1.86301 -4.35014 
-0.528919 1.95696 -4.23909 
-0.514747 1.85937 -4.31003 
-0.569007 1.97512 -4.49449 
-0.630845 2.12715 -4.74046 
0.378784 1.16693 -5.68649 
0.628802 1.15168 -5.35741 
0.827691 1.01263 -5.10593 
0.985537 1.07705 -4.77836 
1.28337 1.12358 -4.34419 
1.80289 1.05078 -3.95138 
-3.5518 0.654398 -3.13489 
-0.531982 1.89004 -4.27616 
-1.04016 2.24661 -4.95937 
-2.31093 1.4967 -3.17403 
-2.30054 1.52564 -3.12404 
-2.3222 1.49728 -3.2515 
-2.3237 1.6024 -3.4631 
2.57559 0.946732 -3.50065 
-4.46164 0.451006 -2.30847 
-4.70256 0.467122 -2.40612 
-4.90387 0.501986 -2.61745 
-5.26022 0.479234 -2.59977 
-5.51404 0.414986 -2.6975 
-5.58817 0.208343 -2.9812 
-5.63747 0.279992 -3.27868 
-5.78545 0.378117 -3.83008 
-5.67104 0.348992 -3.67614 
-2.31425 1.7986 -3.88517 
-2.30108 2.02324 -4.35362 
-2.2771 2.18398 -4.70578 
-2.1997 2.24309 -4.82873 
-1.84009 2.22927 -4.91609 
-2.24317 2.25949 -4.87706 
-2.1795 2.21315 -4.81672 
-6.72851 0.0596529 -2.61239 
-6.58536 0.0506867 -2.56561 
-7.06104 0.0169696 -2.47163 
3.38622 0.823048 -2.97721 
4.14146 0.695476 -2.41196 
4.52799 0.684398 -2.31758 
4.77461 0.697141 -2.31537 
4.82069 0.717244 -2.321 
5.18973 0.447341 -1.3637 
5.23241 0.403506 -1.21562 
5.21995 0.477787 -1.49277 
5.39813 0.548404 -1.53757 
5.30485 0.653302 -2.08871 
5.21725 0.588266 -1.93456 
5.2227 0.669674 -2.26731 
5.23606 0.709661 -2.3918 
5.26522 0.714702 -2.36432 
5.68126 0.17907 -0.100479 
5.88735 0.0970349 0.231012 
5.6119 0.309048 -0.597897 
-7.59504 -0.172037 -1.78037 
6.22156 -0.0516478 0.760924 
6.41322 -0.281653 1.59714 
6.75087 -0.290127 1.68554 
6.95094 -0.257143 1.66615 
6.95418 -0.219326 1.5717 
6.94663 -0.173554 1.30358 
6.94177 -0.0859654 0.971166 
6.93401 -0.0603686 0.840891 
6.92446 -0.026776 0.738246 
6.92058 0.0679585 0.458259 
6.92886 0.175091 0.0946453 
6.94315 0.231524 -0.132534 
6.9607 0.223589 -0.194026 
7.15695 -0.0907833 0.114975 
7.05445 0.0123963 -0.139091 
7.28179 -0.201468 0.559929 
7.01333 -0.00829909 -0.235171 
6.98603 -0.00802393 -0.266585 
7.38751 -0.26724 0.886566 
7.45136 -0.30979 1.13138 
7.46196 -0.351077 1.33951 
7.42631 -0.406914 1.55417 
7.30757 -0.545843 2.01345 
7.37031 -0.473152 1.78451 
7.16256 -0.60898 2.32241 
7.27763 -0.583424 2.13662 
7.0945 -0.858973 2.88095 
6.89248 -0.785095 2.76549 
6.94295 -0.7043 2.60922 
7.41534 -0.87118 2.99594 
7.00188 -0.170588 -0.303005 
7.56995 -0.903329 3.24106 
7.60714 -0.850241 3.23493 
7.50168 -0.87 3.31993 
7.50864 -1.03453 3.78131 
7.47802 -1.2056 4.28905 
7.63137 -1.33281 4.72553 
7.54023 -0.867427 3.27926 
7.52843 -1.30642 4.59766 
7.52112 -0.780594 3.03843 
7.50734 -0.782295 3.07713 
7.8591 -1.34003 4.68133 
8.12733 -1.12332 4.29827 
8.07198 -1.25297 4.54211 
7.76378 -1.14004 4.35652 
7.81145 -1.09142 4.20504 
7.87487 -1.13368 4.28944 
7.8335 -1.2413 4.65953 
7.89858 -1.35037 5.08119 
7.92937 -1.37455 5.19911 
7.96257 -1.37569 5.24166 
7.99781 -1.35845 5.25279 
8.00768 -1.3509 5.25257 
7.98403 -1.36733 5.25416 
7.83846 -1.31431 4.93533 
8.037 -1.07596 4.16417 
5.03751 0.60218 -1.98278 
-6.40767 0.127451 -2.95112 
-8.05235 -0.542507 -0.477892 
