0.134079 -0.0421853 -0.990075 -0.425068 0.90007 -0.0959143 0.89518 0.433708 0.102748 
0.159518 -0.0416247 -0.986318 -0.424016 0.89937 -0.106532 0.891497 0.435207 0.125816 
0.161711 -0.041937 -0.985948 -0.423972 0.89924 -0.107787 0.891123 0.435444 0.127636 
0.164771 -0.0422182 -0.98543 -0.423684 0.899184 -0.109366 0.890699 0.43553 0.130272 
0.169782 -0.0423801 -0.984572 -0.423261 0.899101 -0.111689 0.88996 0.435692 0.134713 
0.17702 -0.0426999 -0.983283 -0.422547 0.899005 -0.115111 0.888887 0.435858 0.141098 
0.153316 -0.041443 -0.987308 -0.424402 0.899523 -0.103662 0.892402 0.434908 0.120323 
0.146436 -0.0411261 -0.988365 -0.424974 0.899623 -0.100398 0.893284 0.434731 0.11426 
0.186064 -0.0428921 -0.981603 -0.421653 0.898892 -0.119203 0.887465 0.436074 0.149165 
0.1949 -0.0431242 -0.979876 -0.420797 0.898747 -0.123251 0.885972 0.436349 0.157018 
0.202527 -0.0434152 -0.978314 -0.419979 0.898631 -0.126822 0.884649 0.436556 0.163764 
0.206745 -0.0437026 -0.97742 -0.419316 0.898648 -0.128875 0.883987 0.436492 0.167466 
0.207082 -0.043686 -0.977347 -0.419355 0.898608 -0.12902 0.883889 0.436573 0.167766 
0.213007 -0.0441267 -0.976055 -0.41859 0.898537 -0.131972 0.882845 0.436677 0.172924 
0.220741 -0.0443687 -0.974323 -0.417667 0.898433 -0.135539 0.881379 0.436862 0.17979 
0.227883 -0.0445247 -0.972671 -0.416849 0.89832 -0.138783 0.879948 0.437083 0.186152 
0.235411 -0.0448813 -0.970859 -0.415612 0.89834 -0.142305 0.87855 0.437001 0.192826 
0.242992 -0.0448994 -0.96899 -0.414503 0.898331 -0.145569 0.877009 0.437021 0.199676 
0.250116 -0.044956 -0.967172 -0.413639 0.898214 -0.14872 0.875412 0.437256 0.206062 
0.257374 -0.0451372 -0.965258 -0.412567 0.898157 -0.152005 0.873814 0.437356 0.21254 
0.264604 -0.0453177 -0.963293 -0.411481 0.898094 -0.155279 0.872163 0.437464 0.218992 
0.271346 -0.045485 -0.961406 -0.410433 0.898042 -0.158327 0.870585 0.437555 0.225012 
0.273849 -0.0453744 -0.960701 -0.409991 0.898074 -0.159285 0.870009 0.437499 0.227334 
0.273717 -0.0453348 -0.960741 -0.409947 0.898114 -0.159174 0.87007 0.437421 0.227243 
0.273811 -0.0452204 -0.96072 -0.409811 0.898192 -0.159076 0.870105 0.437271 0.227403 
0.273569 -0.0450019 -0.960799 -0.409916 0.898198 -0.158785 0.870133 0.437285 0.227271 
0.273469 -0.0449387 -0.960831 -0.410007 0.89817 -0.158703 0.87012 0.437347 0.227196 
0.273491 -0.0449147 -0.960825 -0.409908 0.898222 -0.158665 0.870161 0.437243 0.227245 
0.273549 -0.0447177 -0.960819 -0.409915 0.898246 -0.15851 0.87014 0.437214 0.227384 
0.273335 -0.0445988 -0.960885 -0.410085 0.898198 -0.158343 0.870126 0.437325 0.22722 
0.273138 -0.0445718 -0.960941 -0.410044 0.89824 -0.158214 0.870207 0.437243 0.227066 
0.273087 -0.0445072 -0.960959 -0.410093 0.89823 -0.158143 0.870201 0.437269 0.227043 
0.272959 -0.044245 -0.961008 -0.410424 0.898116 -0.157924 0.870084 0.437528 0.226989 
0.139736 -0.0408698 -0.989345 -0.425343 0.899794 -0.0972461 0.89418 0.434399 0.10835 
0.272835 -0.04381 -0.961064 -0.410467 0.898177 -0.15747 0.870103 0.437448 0.227071 
0.27278 -0.0430689 -0.961113 -0.410757 0.898158 -0.156827 0.869984 0.437562 0.227308 
0.272511 -0.0425514 -0.961212 -0.410913 0.898186 -0.156258 0.869995 0.437556 0.22728 
0.272329 -0.0420534 -0.961285 -0.411022 0.898226 -0.155736 0.87 0.437521 0.227328 
0.138145 -0.0404642 -0.989585 -0.425657 0.899755 -0.0962125 0.894278 0.434515 0.107073 
0.272189 -0.0410875 -0.961366 -0.411235 0.898286 -0.154823 0.869942 0.437489 0.227606 
0.271868 -0.0402993 -0.961491 -0.411571 0.89827 -0.154024 0.869884 0.437596 0.227625 
0.137992 -0.0404365 -0.989608 -0.425543 0.899821 -0.0961058 0.894356 0.434383 0.10696 
0.137668 -0.0405588 -0.989648 -0.425539 0.899826 -0.0960739 0.894408 0.43436 0.106618 
0.137228 -0.040712 -0.989702 -0.425644 0.899781 -0.0960309 0.894425 0.434439 0.106146 
0.27168 -0.0394678 -0.961579 -0.411845 0.898279 -0.153231 0.869813 0.437651 0.22779 
0.137009 -0.0409016 -0.989726 -0.425504 0.899841 -0.0960902 0.894526 0.434298 0.105883 
0.13681 -0.0409692 -0.98975 -0.425554 0.89982 -0.0960698 0.894533 0.434335 0.10567 
0.13635 -0.0411594 -0.989806 -0.425624 0.899788 -0.0960476 0.894569 0.434381 0.105168 
0.136083 -0.0412875 -0.989838 -0.425524 0.899837 -0.0960347 0.894658 0.434269 0.104884 
0.135637 -0.041338 -0.989898 -0.425372 0.899928 -0.0958657 0.894798 0.434077 0.104479 
0.13525 -0.0413026 -0.989952 -0.425237 0.900015 -0.0956474 0.89492 0.4339 0.104163 
0.1349 -0.0414575 -0.989992 -0.425179 0.900044 -0.0956272 0.895001 0.433824 0.103789 
0.134507 -0.0418235 -0.99003 -0.425085 0.900073 -0.0957759 0.895105 0.433729 0.103287 
0.133634 -0.0425928 -0.990115 -0.425096 0.900034 -0.0960923 0.89523 0.433735 0.102169 
0.133237 -0.0432886 -0.990138 -0.42484 0.900109 -0.0965207 0.89541 0.43351 0.101537 
0.132634 -0.0435703 -0.990207 -0.424938 0.900062 -0.0965223 0.895453 0.433579 0.100864 
0.132341 -0.0440416 -0.990226 -0.424758 0.900118 -0.0968018 0.895582 0.433416 0.100415 
0.131905 -0.0445028 -0.990263 -0.424705 0.900118 -0.0970233 0.895671 0.433367 0.0998297 
0.131487 -0.0449722 -0.990297 -0.424608 0.900139 -0.0972554 0.895779 0.433276 0.0992612 
0.130439 -0.0457932 -0.990398 -0.424305 0.900254 -0.0975079 0.896075 0.43295 0.0979982 
0.13098 -0.0454334 -0.990344 -0.424413 0.900212 -0.09743 0.895945 0.433076 0.098627 
0.130025 -0.0461419 -0.990437 -0.424279 0.900252 -0.0976399 0.896148 0.432917 0.097478 
0.129421 -0.0463982 -0.990503 -0.424203 0.900292 -0.0975996 0.896271 0.432806 0.0968345 
0.127793 -0.0472452 -0.990675 -0.4239 0.900433 -0.0976231 0.896648 0.432423 0.095042 
0.128857 -0.047136 -0.990543 -0.424084 0.900303 -0.0980098 0.896409 0.432703 0.096021 
0.128303 -0.047282 -0.990608 -0.424034 0.900341 -0.0978943 0.896512 0.43261 0.0954674 
0.12918 -0.046475 -0.990532 -0.424282 0.900258 -0.0975719 0.896269 0.432869 0.0965767 
0.1651 -0.0481086 -0.985103 -0.420204 0.900192 -0.114386 0.892285 0.432829 0.128406 
0.164715 -0.0482884 -0.985159 -0.420303 0.900145 -0.114395 0.892309 0.432908 0.127972 
0.174267 -0.0486777 -0.983494 -0.41914 0.900113 -0.118819 0.891041 0.432929 0.136458 
0.173873 -0.0487702 -0.98356 -0.419089 0.90015 -0.11872 0.891142 0.432842 0.136072 
0.173249 -0.0487927 -0.983669 -0.418956 0.900249 -0.118444 0.891325 0.432634 0.135525 
0.131087 -0.0469563 -0.990258 -0.42367 0.900414 -0.0987798 0.896282 0.432491 0.0981383 
0.17198 -0.0489075 -0.983886 -0.41904 0.900268 -0.117998 0.891532 0.432581 0.134333 
0.27146 -0.038821 -0.961667 -0.412214 0.898213 -0.15262 0.869707 0.437842 0.227827 
0.27116 -0.0382706 -0.961774 -0.412383 0.89824 -0.152009 0.869721 0.437838 0.227784 
0.164657 -0.0483857 -0.985163 -0.420358 0.900109 -0.114465 0.892294 0.432969 0.12787 
0.270789 -0.03781 -0.961895 -0.41261 0.898228 -0.151464 0.869728 0.437903 0.22763 
0.270463 -0.0372278 -0.962011 -0.413176 0.89806 -0.150915 0.869561 0.438296 0.22751 
0.270149 -0.0369025 -0.962113 -0.413103 0.898172 -0.150444 0.869694 0.438093 0.227395 
0.271358 -0.036399 -0.961791 -0.413084 0.898166 -0.150537 0.869326 0.438149 0.228688 
0.273668 -0.0361459 -0.961146 -0.412769 0.898181 -0.151306 0.868751 0.438139 0.230883 
0.2783 -0.035826 -0.959826 -0.412187 0.898153 -0.153037 0.867555 0.438219 0.235189 
0.286594 -0.0353059 -0.957402 -0.41102 0.898152 -0.156158 0.865406 0.438264 0.242893 
0.00793992 -0.0445333 -0.998977 -0.428003 0.902723 -0.0436442 0.903743 0.427911 -0.0118928 
0.0084449 -0.0447296 -0.998964 -0.428103 0.902657 -0.0440365 0.903691 0.428031 -0.0115259 
0.00893274 -0.0449247 -0.998951 -0.428085 0.902647 -0.0444217 0.903696 0.428033 -0.0111683 
0.00941359 -0.0451813 -0.998935 -0.428181 0.902579 -0.0448582 0.903645 0.428147 -0.0108492 
0.0099059 -0.0452035 -0.998929 -0.428408 0.902461 -0.0450864 0.903531 0.428395 -0.0104261 
0.00975597 -0.0452071 -0.998931 -0.428599 0.902374 -0.0450232 0.903443 0.428579 -0.0105722 
-0.000369303 -0.0450555 -0.998984 -0.429002 0.902394 -0.0405406 0.903304 0.428551 -0.019662 
-0.00106418 -0.052463 -0.998624 -0.42771 0.902695 -0.0469675 0.903916 0.427071 -0.0233999 
-0.0747113 -0.0442746 -0.996222 -0.43024 0.902681 -0.00785176 0.899618 0.428027 -0.0864892 
-0.0752714 -0.0440786 -0.996189 -0.430019 0.90279 -0.00745378 0.899677 0.427819 -0.0869086 
-0.0754046 -0.0441264 -0.996176 -0.429894 0.902849 -0.00745213 0.899725 0.427688 -0.0870488 
-0.0289638 -0.044012 -0.998611 -0.429721 0.902549 -0.0273146 0.902498 0.428333 -0.0450542 
0.288094 -0.0350511 -0.956961 -0.410749 0.898208 -0.156555 0.865036 0.438173 0.244371 
0.287884 -0.0349763 -0.957027 -0.410815 0.898203 -0.156404 0.865075 0.438187 0.24421 
0.292404 -0.0348325 -0.95566 -0.410331 0.898096 -0.158283 0.863787 0.438419 0.248314 
0.29815 -0.0346525 -0.95389 -0.409468 0.898076 -0.160609 0.862232 0.438473 0.253573 
0.297903 -0.0346562 -0.953967 -0.409426 0.898118 -0.160482 0.862337 0.438387 0.253363 
0.297773 -0.0346903 -0.954007 -0.409434 0.89812 -0.160454 0.862378 0.438381 0.253232 
0.301512 -0.034652 -0.952832 -0.40897 0.898042 -0.162073 0.861298 0.438546 0.256598 
0.308883 -0.0349221 -0.950459 -0.407473 0.898111 -0.16542 0.859394 0.438382 0.263181 
0.317243 -0.034973 -0.947699 -0.405956 0.898123 -0.169038 0.857063 0.438351 0.270726 
0.327378 -0.0350679 -0.944242 -0.404268 0.898031 -0.173515 0.854044 0.438532 0.279819 
0.343045 -0.0351914 -0.938659 -0.40121 0.898067 -0.180297 0.849324 0.43845 0.293958 
0.344118 -0.0353102 -0.938262 -0.400666 0.898218 -0.180752 0.849147 0.438129 0.294946 
0.343917 -0.0351131 -0.938345 -0.400608 0.898307 -0.180443 0.849256 0.437965 0.294876 
0.343601 -0.0353171 -0.938452 -0.400503 0.898353 -0.180447 0.849432 0.437854 0.29453 
0.343342 -0.0355553 -0.938538 -0.400227 0.898475 -0.180451 0.849668 0.437584 0.294253 
0.342923 -0.0362718 -0.938663 -0.399926 0.898534 -0.180826 0.849978 0.437405 0.293622 
0.342866 -0.0371953 -0.938648 -0.399583 0.898538 -0.181564 0.850164 0.437319 0.293215 
0.342661 -0.0385536 -0.938667 -0.398785 0.898705 -0.182488 0.850621 0.436858 0.292576 
0.342648 -0.0417611 -0.938535 -0.397503 0.898736 -0.185114 0.851225 0.4365 0.29135 
0.342611 -0.0441136 -0.938441 -0.396651 0.89871 -0.187057 0.851637 0.436321 0.29041 
0.342613 -0.0465523 -0.938323 -0.395525 0.898797 -0.189011 0.85216 0.435888 0.289526 
0.342597 -0.0483189 -0.938239 -0.394679 0.898874 -0.190408 0.852558 0.435537 0.288881 
0.342325 -0.0490976 -0.938299 -0.394333 0.89892 -0.190904 0.852828 0.435353 0.288362 
0.342093 -0.0492089 -0.938377 -0.394621 0.898775 -0.190995 0.852788 0.435641 0.288046 
0.341638 -0.0498276 -0.938511 -0.394561 0.898728 -0.191344 0.852998 0.435669 0.287379 
0.341364 -0.0502616 -0.938587 -0.394503 0.898697 -0.191606 0.853136 0.435683 0.286954 
0.341241 -0.0505183 -0.938618 -0.394573 0.898621 -0.191815 0.853152 0.435808 0.286713 
0.341015 -0.0508203 -0.938684 -0.394479 0.898631 -0.191962 0.853285 0.435753 0.286399 
0.340776 -0.05096 -0.938763 -0.394526 0.898604 -0.191995 0.853359 0.435793 0.286117 
0.340584 -0.0510663 -0.938826 -0.394551 0.898588 -0.192011 0.853424 0.435811 0.285896 
0.340413 -0.0508679 -0.938901 -0.394807 0.898517 -0.191823 0.853374 0.435983 0.285783 
0.340142 -0.0502466 -0.939031 -0.395021 0.898563 -0.191168 0.853383 0.435961 0.285791 
0.339747 -0.0493626 -0.93922 -0.395297 0.898642 -0.190221 0.853413 0.435898 0.285798 
0.339184 -0.0481521 -0.939488 -0.395714 0.898731 -0.188928 0.853443 0.43585 0.28578 
0.338805 -0.047188 -0.939672 -0.396 0.898817 -0.187917 0.853461 0.435778 0.285837 
0.338292 -0.0462976 -0.939901 -0.396062 0.899015 -0.186835 0.853636 0.435464 0.285793 
0.337832 -0.0455442 -0.940104 -0.396223 0.89913 -0.185944 0.853744 0.435308 0.285709 
0.337474 -0.0448418 -0.940266 -0.396216 0.899308 -0.185095 0.853889 0.435013 0.285725 
0.337168 -0.0442068 -0.940406 -0.396317 0.899411 -0.184373 0.853963 0.434864 0.285732 
0.336546 -0.0434492 -0.940665 -0.396096 0.899733 -0.183272 0.85431 0.434273 0.285592 
0.335997 -0.0427394 -0.940893 -0.396042 0.899952 -0.182308 0.854551 0.433889 0.285454 
0.335513 -0.0421638 -0.941092 -0.395692 0.900288 -0.181406 0.854904 0.433247 0.285375 
0.335004 -0.0414804 -0.941303 -0.395633 0.9005 -0.180485 0.85513 0.432874 0.28526 
0.334529 -0.0410279 -0.941492 -0.3954 0.900751 -0.179745 0.855424 0.432396 0.285105 
0.334027 -0.0405707 -0.94169 -0.395083 0.901047 -0.17896 0.855766 0.431823 0.284945 
0.333498 -0.040118 -0.941898 -0.395043 0.901202 -0.178257 0.855991 0.431538 0.2847 
0.33304 -0.0397187 -0.942077 -0.394699 0.901496 -0.177541 0.856328 0.430964 0.284557 
0.332476 -0.0391186 -0.942301 -0.394635 0.901694 -0.176674 0.856577 0.430604 0.284354 
0.332052 -0.0387973 -0.942463 -0.39457 0.901826 -0.176141 0.856771 0.430355 0.284145 
0.331726 -0.0384177 -0.942594 -0.394608 0.901908 -0.175634 0.85688 0.430217 0.284026 
0.331396 -0.0380281 -0.942726 -0.394602 0.902015 -0.1751 0.85701 0.430028 0.283918 
0.330987 -0.0377002 -0.942882 -0.394498 0.902165 -0.174556 0.857216 0.429741 0.283732 
0.330637 -0.0371939 -0.943025 -0.394673 0.902204 -0.173961 0.857271 0.429704 0.283622 
0.330277 -0.0366258 -0.943173 -0.39485 0.902253 -0.173304 0.857328 0.42965 0.283531 
0.329879 -0.0362869 -0.943326 -0.394969 0.902292 -0.172828 0.857427 0.429596 0.283315 
0.329415 -0.0358788 -0.943504 -0.394968 0.90241 -0.172215 0.857606 0.429384 0.283096 
0.3291 -0.0353911 -0.943632 -0.395099 0.902462 -0.171641 0.857667 0.429314 0.283017 
0.32878 -0.0350157 -0.943758 -0.395532 0.902343 -0.171272 0.857589 0.429597 0.282822 
0.32826 -0.0346899 -0.943952 -0.395669 0.90238 -0.170756 0.857725 0.429544 0.282489 
0.328078 -0.0344419 -0.944023 -0.395676 0.902438 -0.170435 0.857791 0.429443 0.282442 
0.327625 -0.0341875 -0.944189 -0.395812 0.902457 -0.17002 0.857902 0.429424 0.282136 
0.327328 -0.0339208 -0.944302 -0.395814 0.90253 -0.169623 0.858014 0.42929 0.281997 
0.32709 -0.03357 -0.944396 -0.396052 0.902495 -0.169252 0.857995 0.429391 0.281902 
0.326817 -0.033407 -0.944496 -0.395967 0.902591 -0.168938 0.858139 0.429201 0.281754 
0.326554 -0.0331667 -0.944597 -0.396222 0.90253 -0.168666 0.858121 0.429349 0.281583 
0.326523 -0.0328961 -0.944617 -0.396586 0.902399 -0.168512 0.857965 0.429645 0.281608 
0.326394 -0.0334563 -0.944642 -0.396456 0.902375 -0.168944 0.858074 0.429651 0.281266 
0.327309 -0.0334142 -0.944327 -0.396378 0.902339 -0.169316 0.857761 0.429729 0.2821 
0.331207 -0.0333459 -0.94297 -0.395914 0.902232 -0.170966 0.856478 0.42996 0.285623 
0.339118 -0.0333537 -0.940152 -0.394537 0.902193 -0.174319 0.854014 0.43004 0.292791 
0.354317 -0.033787 -0.934516 -0.391497 0.902192 -0.181053 0.849229 0.43001 0.306434 
0.372251 -0.0340283 -0.927509 -0.388032 0.902094 -0.18883 0.843125 0.430196 0.322601 
0.407935 -0.0349127 -0.912342 -0.380129 0.902045 -0.204486 0.830115 0.430226 0.354705 
0.429906 -0.0348451 -0.902201 -0.375345 0.901916 -0.213689 0.821156 0.430503 0.37466 
0.447226 -0.0352837 -0.893725 -0.371135 0.901818 -0.221322 0.813786 0.430673 0.390222 
0.472338 -0.035493 -0.880703 -0.364825 0.901708 -0.232002 0.802373 0.430886 0.412962 
0.507497 -0.0361357 -0.860896 -0.35519 0.90151 -0.247225 0.78504 0.431247 0.444679 
0.548079 -0.0365456 -0.835627 -0.343291 0.901195 -0.264574 0.762732 0.431871 0.481381 
0.573469 -0.0367695 -0.818402 -0.335299 0.900951 -0.275428 0.747468 0.432359 0.504339 
0.582361 -0.036485 -0.812112 -0.33289 0.900691 -0.279178 0.741648 0.432926 0.512382 
0.582394 -0.0363937 -0.812092 -0.333015 0.900643 -0.279185 0.741565 0.433034 0.512409 
0.582431 -0.0359274 -0.812086 -0.333362 0.900593 -0.278931 0.74138 0.433176 0.512556 
0.590025 -0.0356913 -0.806596 -0.33096 0.900539 -0.281946 0.736435 0.433307 0.519528 
0.595404 -0.0351901 -0.802655 -0.329741 0.900318 -0.284072 0.732643 0.433806 0.524449 
0.595441 -0.034725 -0.802648 -0.329953 0.90035 -0.283727 0.732516 0.433779 0.524648 
0.595371 -0.0342498 -0.802721 -0.330403 0.900267 -0.283469 0.732372 0.43399 0.524676 
0.595433 -0.0342841 -0.802672 -0.330551 0.900153 -0.283655 0.732254 0.434223 0.524649 
0.598858 -0.0343157 -0.800121 -0.329642 0.899959 -0.285322 0.729867 0.434621 0.527635 
0.605136 -0.0345019 -0.795374 -0.327674 0.899721 -0.288329 0.725562 0.435101 0.533148 
0.619046 -0.0354793 -0.784552 -0.32212 0.899612 -0.294849 0.716254 0.435245 0.545473 
0.638327 -0.0354237 -0.76895 -0.315227 0.899309 -0.303108 0.702261 0.435876 0.562887 
0.638432 -0.035185 -0.768874 -0.315087 0.899464 -0.302793 0.702228 0.435575 0.563161 
0.63843 -0.0349332 -0.768886 -0.315264 0.899454 -0.302639 0.702151 0.435616 0.563226 
0.638478 -0.0342879 -0.768876 -0.315893 0.899306 -0.302424 0.701824 0.435974 0.563356 
0.638363 -0.0332724 -0.769016 -0.316667 0.899251 -0.301773 0.701581 0.436163 0.563513 
0.638079 -0.0333024 -0.76925 -0.316743 0.899263 -0.301663 0.701804 0.436139 0.563253 
0.638118 -0.034997 -0.769143 -0.315198 0.899546 -0.302434 0.702464 0.435421 0.562986 
0.638029 -0.035451 -0.769195 -0.314655 0.899726 -0.302465 0.702789 0.435013 0.562896 
0.638078 -0.0363825 -0.769112 -0.313616 0.899991 -0.302758 0.703209 0.434389 0.562854 
0.63798 -0.0368562 -0.769171 -0.312865 0.900291 -0.302642 0.703632 0.433726 0.562837 
0.637929 -0.0373517 -0.769189 -0.312097 0.900581 -0.302571 0.704019 0.43308 0.562849 
0.637963 -0.0381204 -0.769123 -0.311254 0.900787 -0.302823 0.70436 0.432583 0.562805 
0.637996 -0.0390376 -0.769049 -0.310735 0.900737 -0.303505 0.70456 0.432606 0.562536 
0.638037 -0.0414381 -0.76889 -0.309552 0.900504 -0.305402 0.705044 0.43287 0.561728 
0.638192 -0.042383 -0.76871 -0.308456 0.900762 -0.305747 0.705383 0.432239 0.561786 
0.63809 -0.042681 -0.768778 -0.308278 0.900778 -0.305882 0.705553 0.432178 0.56162 
0.637927 -0.0432523 -0.768882 -0.307942 0.900798 -0.306167 0.705848 0.432082 0.561323 
0.637912 -0.0437055 -0.768868 -0.307641 0.900803 -0.306448 0.705992 0.432022 0.561188 
0.637751 -0.044425 -0.76896 -0.307176 0.90084 -0.306806 0.706341 0.431873 0.560865 
0.637695 -0.0466202 -0.768877 -0.30711 0.900014 -0.309285 0.70642 0.433359 0.559617 
0.637813 -0.0483787 -0.76867 -0.306346 0.899745 -0.310823 0.706645 0.433726 0.559049 
0.638409 -0.0478764 -0.768207 -0.304816 0.900738 -0.30945 0.706768 0.431718 0.560446 
0.638033 -0.047957 -0.768515 -0.304908 0.900741 -0.309347 0.707068 0.4317 0.56008 
0.652181 -0.0483653 -0.756519 -0.300331 0.899816 -0.316436 0.696032 0.43358 0.572318 
0.670287 -0.0486381 -0.740507 -0.293516 0.899107 -0.324738 0.681589 0.435018 0.588383 
0.682867 -0.0484404 -0.728935 -0.288646 0.898721 -0.330127 0.671101 0.435836 0.599724 
0.682986 -0.0476557 -0.728875 -0.289886 0.898235 -0.330364 0.670444 0.436924 0.599667 
0.682998 -0.0451072 -0.729026 -0.292052 0.897971 -0.329173 0.669492 0.437739 0.600139 
0.685651 -0.0435388 -0.726628 -0.292549 0.897566 -0.329833 0.666557 0.438725 0.60268 
0.700494 -0.0424903 -0.712391 -0.286887 0.897251 -0.335612 0.653455 0.43947 0.61633 
0.718616 -0.0417167 -0.694155 -0.279302 0.896835 -0.343041 0.636853 0.440394 0.632828 
0.734931 -0.0408092 -0.676913 -0.272268 0.896446 -0.349648 0.621085 0.441268 0.647715 
0.749226 -0.039697 -0.661125 -0.266141 0.896022 -0.355407 0.60649 0.442232 0.660758 
0.767542 -0.0390497 -0.639807 -0.257062 0.895609 -0.363046 0.587195 0.443124 0.677381 
0.788151 -0.0381179 -0.614301 -0.246053 0.895342 -0.371243 0.564159 0.443746 0.696286 
0.808735 -0.037112 -0.587001 -0.234468 0.894938 -0.379617 0.539419 0.444642 0.715067 
0.828392 -0.0362073 -0.558979 -0.222515 0.894525 -0.387703 0.514058 0.44555 0.73296 
0.84238 -0.0348414 -0.537756 -0.214052 0.894173 -0.39324 0.494548 0.446366 0.745775 
0.845062 -0.0336389 -0.53361 -0.21334 0.893915 -0.394212 0.490262 0.446973 0.748237 
0.845036 -0.0327807 -0.533703 -0.214288 0.8937 -0.394184 0.489892 0.447466 0.748184 
0.845003 -0.0320141 -0.533802 -0.215178 0.893475 -0.39421 0.489559 0.447972 0.7481 
0.844822 -0.0313761 -0.534129 -0.216049 0.893272 -0.394194 0.48949 0.448421 0.747876 
0.846181 -0.0311587 -0.531985 -0.215283 0.893212 -0.394748 0.487475 0.448555 0.749111 
0.856202 -0.0305586 -0.515738 -0.208531 0.892881 -0.399098 0.472688 0.449256 0.758113 
0.856195 -0.0302525 -0.515767 -0.208908 0.892764 -0.399162 0.472534 0.449508 0.75806 
0.856184 -0.0321066 -0.515674 -0.207502 0.892672 -0.400099 0.473172 0.449562 0.75763 
0.856162 -0.0336167 -0.515614 -0.206324 0.892635 -0.400793 0.473728 0.449527 0.757303 
0.856145 -0.0363966 -0.515455 -0.204143 0.892551 -0.402095 0.474704 0.449477 0.756722 
0.856186 -0.0390208 -0.515195 -0.201965 0.892529 -0.40324 0.475561 0.449299 0.756289 
0.85755 -0.0411812 -0.512749 -0.199103 0.892523 -0.404673 0.474306 0.449118 0.757184 
0.866653 -0.0429046 -0.497064 -0.190592 0.892262 -0.409322 0.461073 0.449476 0.765103 
0.877889 -0.0446225 -0.476778 -0.179974 0.891908 -0.414862 0.443754 0.450011 0.774967 
0.885384 -0.0457638 -0.462602 -0.172485 0.891763 -0.418341 0.431677 0.450184 0.781658 
0.888623 -0.0468314 -0.45624 -0.168755 0.891601 -0.420205 0.426462 0.450396 0.784393 
0.894937 -0.0474543 -0.443662 -0.162542 0.891331 -0.423211 0.415534 0.450862 0.789973 
0.900376 -0.0472618 -0.432538 -0.157598 0.891162 -0.425433 0.405568 0.451217 0.794933 
0.90042 -0.0473462 -0.432439 -0.157609 0.891021 -0.425727 0.405469 0.451489 0.794829 
0.900363 -0.0471255 -0.43258 -0.157941 0.890931 -0.425793 0.405464 0.45169 0.794716 
0.900388 -0.0469385 -0.432549 -0.158308 0.890678 -0.426184 0.405266 0.452207 0.794524 
0.900299 -0.0469012 -0.432737 -0.15833 0.890787 -0.425947 0.405453 0.451995 0.794549 
0.900176 -0.0466669 -0.433019 -0.158458 0.89101 -0.425435 0.405677 0.451581 0.79467 
0.900104 -0.0463915 -0.433198 -0.158594 0.891208 -0.424968 0.405784 0.451218 0.794822 
0.903602 -0.046288 -0.425864 -0.154994 0.891461 -0.425762 0.399349 0.450726 0.798352 
0.905894 -0.0457432 -0.421029 -0.153037 0.891616 -0.426147 0.39489 0.450477 0.800708 
0.90589 -0.0453959 -0.421073 -0.153102 0.891896 -0.425537 0.394871 0.449957 0.80101 
0.919657 -0.0452435 -0.390108 -0.13869 0.891921 -0.430397 0.367419 0.449922 0.813987 
0.919755 -0.0445724 -0.389954 -0.138886 0.892289 -0.42957 0.367099 0.449259 0.814497 
0.919622 -0.0437245 -0.390362 -0.139434 0.89273 -0.428475 0.367223 0.448465 0.814879 
0.919509 -0.0431581 -0.390691 -0.139802 0.893053 -0.427683 0.367365 0.447878 0.815137 
0.919346 -0.0424348 -0.391154 -0.140282 0.893477 -0.42664 0.367591 0.447101 0.815461 
0.919275 -0.0413848 -0.391435 -0.140931 0.893926 -0.425482 0.367523 0.4463 0.815931 
0.919074 -0.0398003 -0.39207 -0.142048 0.894552 -0.423793 0.367594 0.445189 0.816505 
0.918819 -0.0382529 -0.392821 -0.143097 0.895283 -0.421891 0.367825 0.443853 0.817129 
0.918523 -0.0371085 -0.393622 -0.143961 0.895851 -0.42039 0.368226 0.442804 0.817518 
0.918208 -0.0359036 -0.394467 -0.144924 0.896379 -0.418931 0.368632 0.441833 0.817859 
0.917934 -0.0363198 -0.395067 -0.14456 0.896722 -0.41832 0.369459 0.441101 0.817881 
0.917809 -0.0384217 -0.395157 -0.142342 0.897295 -0.417853 0.370627 0.439757 0.818077 
0.91775 -0.0401219 -0.395126 -0.140684 0.897535 -0.417899 0.371406 0.439115 0.818068 
0.917772 -0.0416096 -0.394921 -0.139079 0.897826 -0.417809 0.371956 0.438379 0.818213 
0.917735 -0.0425362 -0.394909 -0.138214 0.897912 -0.417913 0.37237 0.438115 0.818166 
0.9177 -0.0426671 -0.394975 -0.138062 0.897995 -0.417784 0.372512 0.437932 0.818199 
0.917682 -0.042719 -0.39501 -0.137979 0.89806 -0.417673 0.372585 0.437795 0.818239 
0.917672 -0.0425842 -0.395049 -0.138049 0.898134 -0.417492 0.372585 0.437657 0.818314 
0.917556 -0.0423971 -0.395337 -0.138361 0.89811 -0.417442 0.372754 0.437726 0.8182 
0.917478 -0.0419283 -0.395571 -0.138872 0.898099 -0.417292 0.372759 0.43779 0.818163 
0.917398 -0.0410117 -0.395851 -0.139838 0.89803 -0.417117 0.372593 0.438018 0.818117 
0.917292 -0.0397845 -0.396221 -0.14109 0.897979 -0.416805 0.372381 0.438235 0.818097 
0.917186 -0.0386616 -0.396578 -0.142282 0.897888 -0.416596 0.372189 0.438522 0.81803 
0.917564 -0.0379303 -0.395773 -0.142585 0.897831 -0.416616 0.37114 0.438704 0.81841 
0.918736 -0.0370688 -0.393127 -0.142205 0.897722 -0.416982 0.368376 0.439001 0.819499 
0.918635 -0.0362101 -0.393443 -0.143163 0.897619 -0.416876 0.368257 0.439284 0.8194 
0.920201 -0.0358181 -0.389802 -0.141897 0.897554 -0.417449 0.36482 0.439449 0.820848 
0.923902 -0.0353262 -0.380996 -0.138447 0.8974 -0.418936 0.356705 0.439803 0.824218 
0.928211 -0.0345883 -0.370443 -0.134277 0.897419 -0.420248 0.346978 0.439821 0.82835 
0.933209 -0.0342942 -0.357693 -0.128899 0.897238 -0.422315 0.335419 0.440214 0.83289 
0.939026 -0.0338812 -0.342173 -0.122321 0.897119 -0.424517 0.321353 0.440487 0.838275 
0.94525 -0.0335599 -0.324616 -0.114791 0.89694 -0.42699 0.30549 0.440875 0.843981 
0.951269 -0.0333145 -0.306558 -0.106982 0.896744 -0.429425 0.28921 0.441294 0.849481 
0.956902 -0.0330065 -0.288527 -0.0992401 0.896546 -0.431691 0.272926 0.44172 0.854631 
0.962198 -0.0327185 -0.270379 -0.0914375 0.896327 -0.433863 0.256543 0.442185 0.859452 
0.967396 -0.0325837 -0.251163 -0.083012 0.896117 -0.435988 0.239276 0.442623 0.864194 
0.972403 -0.0320371 -0.231097 -0.0745665 0.895898 -0.437958 0.22107 0.443104 0.868785 
0.974975 -0.0316518 -0.220052 -0.0701069 0.895533 -0.439437 0.210973 0.443867 0.870903 
0.976809 -0.0311661 -0.211829 -0.0668829 0.895425 -0.44016 0.203395 0.44412 0.872576 
0.978488 -0.031114 -0.203946 -0.0635069 0.895133 -0.441253 0.196288 0.444712 0.873901 
0.980158 -0.0309584 -0.195788 -0.0600446 0.89495 -0.442107 0.188908 0.445091 0.875333 
0.981684 -0.0310526 -0.18797 -0.0564771 0.894849 -0.442783 0.181954 0.445288 0.876704 
0.983216 -0.031395 -0.179721 -0.0524488 0.89486 -0.443256 0.174741 0.445242 0.878194 
0.984641 -0.0314737 -0.171729 -0.0487751 0.894864 -0.443667 0.167638 0.445229 0.879585 
0.986038 -0.0318024 -0.163452 -0.0447928 0.894755 -0.444306 0.160379 0.445424 0.880838 
0.987399 -0.0321262 -0.154952 -0.040656 0.894812 -0.44459 0.152936 0.445288 0.88223 
0.989273 -0.0323918 -0.142439 -0.0348766 0.894531 -0.445645 0.141851 0.445832 0.883805 
0.991031 -0.032613 -0.129594 -0.0289116 0.89447 -0.446193 0.13047 0.445937 0.885504 
0.992873 -0.0329172 -0.114548 -0.0218987 0.894354 -0.446823 0.117155 0.446146 0.887259 
0.994561 -0.0330708 -0.0987553 -0.0147141 0.894112 -0.447603 0.1031 0.446622 0.888763 
0.995191 -0.0330332 -0.0922068 -0.0118306 0.893978 -0.447955 0.0972282 0.446892 0.889289 
0.995297 -0.0332272 -0.0909944 -0.01114 0.893846 -0.448236 0.0962287 0.447141 0.889272 
0.99528 -0.0340035 -0.0908948 -0.0103905 0.893888 -0.448171 0.0964894 0.447 0.889315 
0.99527 -0.0346102 -0.090774 -0.00979765 0.893862 -0.448234 0.0966531 0.447004 0.889295 
0.995255 -0.0350414 -0.0907831 -0.00945069 0.8937 -0.448565 0.0968513 0.447294 0.889128 
0.995242 -0.0353056 -0.0908138 -0.00926093 0.893545 -0.448878 0.0969939 0.447583 0.888967 
0.995241 -0.0355097 -0.0907531 -0.00907105 0.893453 -0.449067 0.09703 0.447752 0.888877 
0.99524 -0.0357594 -0.0906632 -0.00878727 0.893541 -0.448896 0.0970634 0.447555 0.888973 
0.995203 -0.0363466 -0.0908202 -0.00829405 0.89372 -0.44855 0.097471 0.447152 0.889131 
0.99517 -0.0370967 -0.0908887 -0.00751224 0.894356 -0.447293 0.09788 0.445816 0.889758 
0.995161 -0.037804 -0.0906955 -0.00640284 0.896114 -0.443779 0.0980498 0.442213 0.891535 
0.995133 -0.0380907 -0.0908825 -0.00606388 0.896857 -0.442281 0.0983553 0.440679 0.89226 
0.995087 -0.038504 -0.0912083 -0.00579515 0.897041 -0.44191 0.0988325 0.440268 0.892411 
0.995025 -0.0397472 -0.0913621 -0.00483081 0.896654 -0.442705 0.0995163 0.440944 0.892001 
0.99499 -0.04089 -0.0912361 -0.0037557 0.896616 -0.442795 0.0999095 0.440919 0.891969 
0.994945 -0.0414571 -0.0914693 -0.0033333 0.896682 -0.442663 0.100371 0.44073 0.892011 
0.994919 -0.0415357 -0.091715 -0.00337116 0.896689 -0.442649 0.100625 0.440709 0.891993 
0.994902 -0.0414155 -0.0919554 -0.00357588 0.896734 -0.442557 0.100788 0.440629 0.892014 
0.995035 -0.0413362 -0.0905472 -0.0030427 0.896633 -0.442765 0.0994898 0.440841 0.892055 
0.995346 -0.0414281 -0.0870106 -0.00140285 0.89656 -0.44292 0.0963596 0.440981 0.892329 
0.995695 -0.0413887 -0.0829381 0.000342569 0.896408 -0.44323 0.092691 0.441293 0.892564 
0.995718 -0.0413959 -0.0826611 0.000448695 0.896296 -0.443455 0.0924456 0.441519 0.892477 
0.995701 -0.041429 -0.0828444 0.000411141 0.896366 -0.443314 0.0926249 0.441374 0.892531 
0.995668 -0.0415031 -0.0832033 0.000334664 0.896445 -0.443154 0.0929793 0.441206 0.892576 
0.995675 -0.041402 -0.0831734 0.000255931 0.896441 -0.443163 0.0929079 0.441225 0.892574 
0.995664 -0.0412282 -0.0833846 1.80183e-005 0.8965 -0.443043 0.0930204 0.441121 0.892614 
0.995654 -0.0410518 -0.0835997 -0.000248435 0.896443 -0.443158 0.0931348 0.441253 0.892537 
0.995647 -0.040543 -0.0839299 -0.000829007 0.896561 -0.442921 0.0932054 0.441062 0.892624 
0.995649 -0.0396022 -0.0843571 -0.00181068 0.89682 -0.442391 0.0931726 0.440619 0.892846 
0.995661 -0.0383086 -0.0848139 -0.00312091 0.897089 -0.441838 0.0930122 0.440185 0.893077 
0.995659 -0.036908 -0.0854408 -0.00458717 0.897433 -0.441127 0.0929587 0.439604 0.893369 
0.995662 -0.0355956 -0.0859685 -0.00596514 0.897613 -0.440746 0.0928552 0.439347 0.893506 
0.995675 -0.0341052 -0.086431 -0.0074484 0.89791 -0.440117 0.0926173 0.438857 0.893772 
0.995647 -0.0327701 -0.0872476 -0.00893913 0.898248 -0.439399 0.092769 0.438266 0.894045 
0.995621 -0.0314151 -0.0880374 -0.0104605 0.898472 -0.438906 0.0928873 0.437906 0.89421 
0.995609 -0.0301302 -0.0886338 -0.0118091 0.898804 -0.43819 0.0928672 0.437313 0.894502 
0.995565 -0.0290753 -0.0894739 -0.0130919 0.898976 -0.437801 0.0931643 0.437031 0.894609 
0.995528 -0.0283514 -0.0901169 -0.013998 0.899107 -0.437504 0.0934285 0.436809 0.89469 
0.995537 -0.027453 -0.0902962 -0.0148701 0.89918 -0.437327 0.093198 0.436718 0.894759 
0.995527 -0.026486 -0.0907037 -0.015867 0.899423 -0.436792 0.09315 0.436277 0.894978 
0.995644 -0.0259961 -0.0895318 -0.0157813 0.899485 -0.436667 0.091884 0.436178 0.895157 
0.995984 -0.0262425 -0.0855944 -0.0138026 0.899633 -0.43643 0.0884569 0.435859 0.895658 
0.99619 -0.0266377 -0.0830478 -0.0122848 0.899868 -0.435991 0.0863452 0.43535 0.896111 
0.997004 -0.0275243 -0.0722874 -0.00676659 0.899929 -0.435985 0.0770537 0.435168 0.897047 
0.998092 -0.027936 -0.0550714 0.0011424 0.90002 -0.435848 0.061741 0.434953 0.898335 
0.998486 -0.0280254 -0.0473125 0.00461598 0.900064 -0.435732 0.0547956 0.434854 0.898832 
0.998503 -0.0281444 -0.0468966 0.00491179 0.90012 -0.435614 0.0544727 0.434732 0.898911 
0.999159 -0.0287207 -0.0292715 0.0131045 0.899976 -0.435742 0.0388585 0.434992 0.899596 
0.999436 -0.0286087 -0.0175581 0.0181103 0.899987 -0.435541 0.028262 0.434977 0.899998 
0.99944 -0.0286828 -0.0172461 0.0183146 0.900009 -0.435488 0.0280125 0.434928 0.90003 
0.999575 -0.0291457 -7.63855e-007 0.0262382 0.899872 -0.435364 0.0126896 0.435179 0.900255 
0.999104 -0.0289862 0.0308256 0.0395113 0.899779 -0.434555 -0.0151405 0.435383 0.900118 
0.999082 -0.0288809 0.0316145 0.0397538 0.899952 -0.434174 -0.0159123 0.435033 0.900275 
0.999067 -0.0289705 0.0320191 0.040017 0.899767 -0.434532 -0.0162215 0.435408 0.900088 
0.996226 -0.0306453 0.0812035 0.0628547 0.89992 -0.431502 -0.0598532 0.434978 0.89845 
0.989795 -0.029698 0.139371 0.0872497 0.899582 -0.427947 -0.112667 0.43574 0.892994 
0.989742 -0.0298118 0.13972 0.0875124 0.899541 -0.427983 -0.112925 0.43582 0.892922 
0.989642 -0.0297751 0.140433 0.0878492 0.899307 -0.428404 -0.113536 0.436303 0.892608 
0.98862 -0.0296831 0.147478 0.0908419 0.899216 -0.427972 -0.11991 0.436498 0.891679 
0.988546 -0.0295439 0.147998 0.0909712 0.899116 -0.428152 -0.120419 0.436711 0.891506 
0.988567 -0.029673 0.147835 0.0910503 0.898986 -0.428409 -0.12019 0.436972 0.891409 
0.988256 -0.0299564 0.149842 0.0921662 0.899001 -0.428141 -0.121882 0.436923 0.891204 
0.983384 -0.0300427 0.179034 0.104896 0.898948 -0.425313 -0.148164 0.437026 0.887162 
0.982531 -0.0298251 0.183694 0.106679 0.899063 -0.424625 -0.152487 0.436804 0.886538 
0.982557 -0.0298928 0.183545 0.106713 0.898951 -0.424853 -0.152297 0.437028 0.88646 
0.982575 -0.0295835 0.183498 0.106427 0.898936 -0.424955 -0.152382 0.43708 0.88642 
0.98262 -0.0291678 0.183322 0.105933 0.899088 -0.424757 -0.152433 0.436795 0.886552 
0.982552 -0.0289926 0.183714 0.105918 0.899175 -0.424577 -0.152882 0.436628 0.886557 
0.976998 -0.0290619 0.211262 0.117847 0.899237 -0.42129 -0.177731 0.436496 0.881976 
0.976835 -0.0287809 0.212049 0.117883 0.899379 -0.420977 -0.178596 0.436222 0.881938 
0.97674 -0.0290026 0.212458 0.118267 0.899344 -0.420945 -0.178864 0.43628 0.881854 
0.966511 -0.0300863 0.254855 0.13745 0.899335 -0.415096 -0.216712 0.436224 0.873352 
0.96512 -0.0294603 0.260144 0.139099 0.8995 -0.414189 -0.221797 0.435928 0.872224 
0.965186 -0.0297213 0.259871 0.139129 0.899653 -0.413846 -0.221494 0.435594 0.872468 
0.965227 -0.0302734 0.259655 0.139332 0.900005 -0.413009 -0.221188 0.434826 0.872928 
0.965312 -0.0303099 0.259335 0.139182 0.900092 -0.412874 -0.220911 0.434646 0.873087 
0.963712 -0.0304228 0.265208 0.141762 0.900147 -0.411873 -0.226196 0.434523 0.871794 
0.963701 -0.0308314 0.265197 0.141906 0.900533 -0.410979 -0.226148 0.433693 0.87222 
0.963775 -0.0311844 0.264887 0.142111 0.900466 -0.411054 -0.225703 0.433807 0.872278 
0.963685 -0.031195 0.265215 0.142238 0.90051 -0.410914 -0.22601 0.433715 0.872245 
0.963425 -0.0313297 0.266144 0.142662 0.900676 -0.410403 -0.226851 0.43336 0.872203 
0.961621 -0.0318818 0.272521 0.145947 0.900496 -0.409643 -0.232344 0.433695 0.870589 
0.957772 -0.0327178 0.285661 0.15228 0.900448 -0.407435 -0.243893 0.433731 0.867407 
0.942164 -0.0340216 0.333422 0.173952 0.899985 -0.39971 -0.286476 0.434592 0.853851 
0.914578 -0.0360462 0.402799 0.205145 0.899708 -0.385281 -0.348513 0.435002 0.830248 
0.862655 -0.0369499 0.504441 0.24885 0.899275 -0.359693 -0.44034 0.435821 0.784959 
0.812976 -0.0362203 0.58117 0.280772 0.89876 -0.336747 -0.510135 0.436943 0.74084 
0.80598 -0.0352742 0.590891 0.28391 0.898951 -0.333591 -0.519415 0.436628 0.734551 
0.806352 -0.0338854 0.590464 0.282673 0.899029 -0.334431 -0.519512 0.436578 0.734512 
0.80661 -0.0320313 0.590216 0.281553 0.898794 -0.336002 -0.51972 0.4372 0.733994 
0.806981 -0.0304011 0.589795 0.280071 0.898932 -0.336868 -0.519945 0.437031 0.733936 
0.807411 -0.0290275 0.589276 0.278501 0.899258 -0.337298 -0.520121 0.436452 0.734155 
0.807871 -0.0276281 0.588712 0.277163 0.899358 -0.338135 -0.520121 0.436338 0.734224 
0.80816 -0.026322 0.588376 0.275772 0.899634 -0.338537 -0.520412 0.43585 0.734307 
0.808441 -0.0253281 0.588031 0.275045 0.899535 -0.339394 -0.520358 0.436115 0.734188 
0.808712 -0.0243672 0.5877 0.273903 0.899805 -0.339601 -0.520541 0.435612 0.734357 
0.808757 -0.0245566 0.587631 0.273765 0.900008 -0.339171 -0.520544 0.435179 0.734611 
0.808853 -0.0252027 0.587471 0.273899 0.900224 -0.338494 -0.520324 0.434699 0.735052 
0.808873 -0.0271857 0.587355 0.274787 0.900612 -0.336736 -0.519825 0.433774 0.735951 
0.808878 -0.0286129 0.58728 0.275469 0.900857 -0.335521 -0.519456 0.433173 0.736566 
0.808942 -0.0298216 0.587133 0.275768 0.901268 -0.33417 -0.519199 0.432236 0.737296 
0.808914 -0.0313145 0.587093 0.276563 0.901466 -0.332974 -0.518817 0.431715 0.737869 
0.808817 -0.0323374 0.587171 0.276898 0.901812 -0.331756 -0.51879 0.430917 0.738355 
0.808805 -0.0324908 0.587179 0.27696 0.901853 -0.331593 -0.518775 0.430819 0.738422 
0.808841 -0.0326263 0.587122 0.277107 0.901789 -0.331641 -0.518641 0.430941 0.738446 
0.808887 -0.032794 0.587049 0.277447 0.90158 -0.331927 -0.518387 0.431368 0.738375 
0.808976 -0.03252 0.586941 0.276517 0.902157 -0.331137 -0.518744 0.430181 0.738816 
0.809019 -0.0322647 0.586896 0.275772 0.902611 -0.330522 -0.519074 0.429248 0.739127 
0.809191 -0.0319771 0.586675 0.275051 0.902964 -0.330157 -0.51919 0.428525 0.739465 
0.809312 -0.0316223 0.586527 0.274428 0.903222 -0.329969 -0.51933 0.428007 0.739667 
0.809438 -0.0312749 0.586371 0.274099 0.903238 -0.330197 -0.519306 0.427999 0.739688 
0.809535 -0.0310398 0.586252 0.274265 0.902925 -0.330916 -0.51907 0.428676 0.739462 
0.809456 -0.030731 0.586376 0.274903 0.902258 -0.332201 -0.518854 0.430098 0.738787 
0.808038 -0.0304349 0.588343 0.27609 0.901772 -0.332537 -0.520431 0.431138 0.737069 
0.806421 -0.029775 0.590593 0.276963 0.901433 -0.33273 -0.522473 0.431893 0.735181 
0.806463 -0.0289871 0.590574 0.276858 0.901056 -0.333838 -0.522463 0.432732 0.734694 
0.80656 -0.0278148 0.590497 0.276138 0.900943 -0.334739 -0.522694 0.433046 0.734345 
0.806667 -0.0263072 0.590421 0.275446 0.900609 -0.336203 -0.522894 0.433833 0.733738 
0.80672 -0.0247661 0.590415 0.274569 0.900434 -0.337389 -0.523274 0.434287 0.733198 
0.806894 -0.0232321 0.59024 0.273514 0.900348 -0.338472 -0.523558 0.43455 0.732839 
0.800322 -0.0227006 0.599141 0.277173 0.900103 -0.336139 -0.531658 0.435085 0.726664 
0.781449 -0.0221627 0.623576 0.287154 0.900026 -0.327866 -0.553968 0.435273 0.709688 
0.760767 -0.0214091 0.648672 0.297343 0.899894 -0.319025 -0.576906 0.435582 0.690976 
0.752856 -0.0200993 0.657879 0.300568 0.899725 -0.316473 -0.585549 0.435995 0.683404 
0.752825 -0.0191417 0.657943 0.300287 0.899482 -0.317423 -0.585732 0.436536 0.682901 
0.752979 -0.0182666 0.657791 0.299984 0.89923 -0.318423 -0.585689 0.437093 0.682581 
0.753153 -0.0173855 0.657615 0.299382 0.89919 -0.319104 -0.585774 0.437212 0.682433 
0.7531 -0.0163025 0.657704 0.298985 0.898981 -0.320067 -0.586045 0.437686 0.681897 
0.753146 -0.0155682 0.657671 0.298573 0.898913 -0.320638 -0.586197 0.437849 0.68166 
0.753087 -0.0149698 0.65775 0.298432 0.898747 -0.321234 -0.586342 0.438211 0.681303 
0.752847 -0.0141707 0.658044 0.298245 0.898585 -0.321862 -0.586747 0.438571 0.680723 
0.752691 -0.0145196 0.658213 0.29858 0.898562 -0.321615 -0.586776 0.438606 0.680675 
0.752338 -0.0189602 0.658505 0.301046 0.899005 -0.318058 -0.58597 0.437526 0.682064 
0.752206 -0.0209122 0.658597 0.302279 0.899072 -0.316695 -0.585503 0.437299 0.682609 
0.752094 -0.0226466 0.658668 0.303913 0.898724 -0.31612 -0.584802 0.43793 0.682807 
0.751957 -0.0234945 0.658793 0.304801 0.898514 -0.315862 -0.584513 0.438315 0.682806 
0.751833 -0.023807 0.658925 0.305277 0.898352 -0.315862 -0.584427 0.43863 0.682678 
0.751625 -0.0245615 0.659134 0.305986 0.898256 -0.31545 -0.584322 0.438786 0.682667 
0.751268 -0.0263936 0.65947 0.306377 0.898963 -0.313047 -0.584576 0.437228 0.683448 
0.751248 -0.0264745 0.65949 0.306893 0.898623 -0.313517 -0.584332 0.437922 0.683213 
0.751141 -0.0264656 0.659612 0.307716 0.89804 -0.314383 -0.584036 0.439119 0.682697 
0.750958 -0.0263003 0.659826 0.308196 0.897664 -0.314982 -0.584019 0.439894 0.682214 
0.750732 -0.0261333 0.66009 0.308096 0.89774 -0.314861 -0.584362 0.439748 0.682014 
0.750636 -0.0261303 0.660199 0.307888 0.897931 -0.314525 -0.584595 0.439361 0.682064 
0.750529 -0.0260752 0.660323 0.307654 0.898118 -0.314217 -0.584855 0.438981 0.682086 
0.750437 -0.0260744 0.660428 0.307373 0.898361 -0.313797 -0.58512 0.438483 0.682178 
0.750329 -0.025705 0.660565 0.307027 0.898484 -0.313785 -0.585441 0.438253 0.682051 
0.750382 -0.0248154 0.660539 0.306163 0.898687 -0.314044 -0.585825 0.437886 0.681956 
0.750413 -0.0237377 0.660543 0.305161 0.898913 -0.314376 -0.586308 0.437484 0.681799 
0.750479 -0.0225682 0.660509 0.303992 0.899205 -0.314675 -0.586831 0.436946 0.681694 
0.749665 -0.0214996 0.661468 0.303393 0.899429 -0.314611 -0.58818 0.436538 0.680793 
0.749675 -0.0203329 0.661494 0.30224 0.899724 -0.314875 -0.58876 0.435984 0.680646 
0.749748 -0.0191635 0.661446 0.301312 0.899828 -0.315467 -0.589143 0.435822 0.680419 
0.749788 -0.0179883 0.661434 0.300467 0.899878 -0.316131 -0.589524 0.43577 0.680122 
0.750232 -0.017113 0.660954 0.299093 0.900318 -0.316182 -0.589658 0.434896 0.680565 
0.750455 -0.0165265 0.660715 0.298143 0.900658 -0.316109 -0.589855 0.434213 0.68083 
0.750529 -0.0163679 0.660634 0.297972 0.900683 -0.316203 -0.589846 0.43417 0.680866 
0.750596 -0.0159985 0.660569 0.297634 0.900731 -0.316381 -0.589933 0.434081 0.680847 
0.750811 -0.0157286 0.66033 0.296595 0.901289 -0.315768 -0.590181 0.432933 0.681363 
0.750794 -0.0162971 0.660337 0.296746 0.901456 -0.315149 -0.590128 0.432564 0.681643 
0.750672 -0.0168795 0.660459 0.297373 0.901317 -0.314957 -0.589967 0.432832 0.681612 
0.75048 -0.0171783 0.660669 0.297598 0.901361 -0.314616 -0.590098 0.432727 0.681566 
0.750379 -0.0173726 0.66078 0.297858 0.901297 -0.314551 -0.590095 0.432852 0.681489 
0.750192 -0.0174417 0.66099 0.297898 0.901368 -0.314314 -0.590313 0.432703 0.681395 
0.743534 -0.0180125 0.668456 0.301231 0.90149 -0.310771 -0.597007 0.432428 0.675713 
0.734365 -0.0186727 0.678499 0.305661 0.901624 -0.306015 -0.606037 0.432118 0.667828 
0.715788 -0.019483 0.698046 0.314109 0.901761 -0.296924 -0.623685 0.431797 0.651589 
0.694133 -0.0204399 0.719557 0.323393 0.9019 -0.286347 -0.643115 0.431462 0.632648 
0.666649 -0.0212861 0.745068 0.334196 0.902023 -0.273252 -0.666252 0.431162 0.608447 
0.636201 -0.022184 0.771204 0.345249 0.902105 -0.258862 -0.689965 0.430946 0.581579 
0.602746 -0.0227317 0.79761 0.356095 0.902197 -0.243386 -0.714068 0.430724 0.551891 
0.573021 -0.0231277 0.819214 0.364876 0.902264 -0.229749 -0.733834 0.430563 0.525454 
0.567026 -0.0231189 0.823375 0.366559 0.902253 -0.227101 -0.737642 0.430588 0.520076 
0.566293 -0.0230248 0.823882 0.366643 0.902294 -0.226796 -0.738163 0.430505 0.519405 
0.565654 -0.0228062 0.824328 0.366685 0.902313 -0.226656 -0.738632 0.430478 0.51876 
0.552228 -0.0234638 0.833363 0.370397 0.902436 -0.220035 -0.746894 0.430185 0.507041 
0.528952 -0.0237773 0.848319 0.376204 0.902592 -0.209276 -0.76071 0.429838 0.486373 
0.502783 -0.0237969 0.864086 0.382232 0.902704 -0.197548 -0.775312 0.429604 0.462959 
0.489844 -0.0236526 0.871489 0.385047 0.90272 -0.191926 -0.782171 0.429579 0.451299 
0.487723 -0.0232915 0.872688 0.385025 0.902908 -0.191082 -0.783506 0.429202 0.449337 
0.487574 -0.0233337 0.87277 0.385047 0.902924 -0.190967 -0.783588 0.429168 0.449227 
0.48743 -0.0232421 0.872853 0.385202 0.902836 -0.191068 -0.783602 0.429357 0.449022 
0.487191 -0.0247175 0.872945 0.384547 0.903543 -0.189032 -0.784072 0.427784 0.449703 
0.487253 -0.0247733 0.872909 0.383283 0.904236 -0.188285 -0.784652 0.426314 0.450088 
0.485816 -0.0254309 0.873692 0.38361 0.904368 -0.186982 -0.785383 0.425996 0.449111 
0.483063 -0.0263379 0.87519 0.384254 0.904529 -0.184869 -0.786765 0.425599 0.447065 
0.482705 -0.0274565 0.875353 0.384558 0.904641 -0.183686 -0.786836 0.425291 0.447233 
0.482597 -0.0270759 0.875424 0.385027 0.90432 -0.184284 -0.786674 0.425997 0.446846 
0.482356 -0.026705 0.875569 0.385658 0.903926 -0.184891 -0.786512 0.426855 0.446312 
0.482055 -0.0265634 0.875739 0.38607 0.903707 -0.185102 -0.786495 0.427326 0.445892 
0.481919 -0.0262222 0.875823 0.386156 0.903605 -0.185427 -0.786535 0.427565 0.445591 
0.481863 -0.0255258 0.875875 0.385876 0.903615 -0.185955 -0.786707 0.427584 0.445268 
0.481723 -0.0246701 0.875977 0.385245 0.903792 -0.186403 -0.787102 0.42726 0.444882 
0.481725 -0.0239487 0.875995 0.384741 0.903911 -0.186864 -0.787347 0.427049 0.44465 
0.481633 -0.0231433 0.876067 0.384318 0.903979 -0.187405 -0.78761 0.426948 0.444281 
0.481824 -0.021718 0.875999 0.383327 0.904189 -0.188424 -0.787976 0.426581 0.443985 
0.481988 -0.0201397 0.875947 0.382047 0.904521 -0.189425 -0.788497 0.425953 0.443663 
0.48241 -0.0188946 0.875742 0.381217 0.904651 -0.190478 -0.788641 0.425736 0.443615 
0.482467 -0.0177104 0.875735 0.380815 0.904602 -0.191508 -0.7888 0.425889 0.443185 
0.482769 -0.0166737 0.875589 0.380538 0.904488 -0.192591 -0.788749 0.426171 0.443004 
0.482973 -0.0158273 0.875492 0.379813 0.904669 -0.193172 -0.788974 0.42582 0.442942 
0.483002 -0.0148176 0.875494 0.379676 0.904516 -0.194155 -0.789022 0.426181 0.442509 
0.482866 -0.0141092 0.875582 0.379768 0.904326 -0.194862 -0.789061 0.42661 0.442026 
0.482988 -0.0133316 0.875526 0.379616 0.90422 -0.195648 -0.789059 0.426859 0.441788 
0.4829 -0.0123309 0.875589 0.379475 0.904083 -0.196554 -0.789181 0.42718 0.441261 
0.482847 -0.0115271 0.875628 0.379392 0.903953 -0.197308 -0.789253 0.427476 0.440845 
0.482697 -0.0109005 0.87572 0.379445 0.903801 -0.1979 -0.78932 0.427814 0.440398 
0.482509 -0.010213 0.875832 0.379233 0.903784 -0.198386 -0.789536 0.427867 0.439957 
0.482335 -0.00971953 0.875933 0.379032 0.903802 -0.198687 -0.789739 0.427841 0.439619 
0.482284 -0.00935668 0.875965 0.378963 0.903763 -0.198994 -0.789803 0.42793 0.439417 
0.481996 -0.00911679 0.876126 0.378983 0.903733 -0.199091 -0.789969 0.427999 0.43905 
0.481798 -0.0090258 0.876235 0.379156 0.903644 -0.19917 -0.790007 0.428189 0.438796 
0.48163 -0.00897159 0.876329 0.379451 0.903493 -0.199296 -0.789968 0.42851 0.438553 
0.481479 -0.00887292 0.876414 0.379615 0.9034 -0.199404 -0.789982 0.428708 0.438336 
0.481342 -0.0091193 0.876485 0.379742 0.903404 -0.199144 -0.790004 0.428695 0.438309 
0.481044 -0.00913052 0.876649 0.379994 0.903306 -0.199106 -0.790064 0.4289 0.438 
0.480774 -0.00965779 0.876792 0.380741 0.903053 -0.198826 -0.789868 0.429421 0.437842 
0.480241 -0.010188 0.877077 0.381206 0.902986 -0.198239 -0.789969 0.42955 0.437535 
0.479758 -0.0108108 0.877334 0.381801 0.902862 -0.197657 -0.789975 0.429795 0.437283 
0.479455 -0.0113216 0.877493 0.382299 0.902745 -0.197237 -0.789919 0.43003 0.437153 
0.479034 -0.0120829 0.877713 0.382813 0.902685 -0.196503 -0.789925 0.430131 0.437043 
0.478607 -0.0125736 0.87794 0.383218 0.902627 -0.195982 -0.789988 0.43024 0.436821 
0.478207 -0.0131352 0.878149 0.38366 0.90256 -0.195427 -0.790014 0.430365 0.436649 
0.477726 -0.0135911 0.878404 0.384029 0.902517 -0.194893 -0.790126 0.430438 0.436375 
0.477333 -0.0140829 0.87861 0.384391 0.902477 -0.194368 -0.790187 0.430509 0.436195 
0.476772 -0.0145529 0.878907 0.384691 0.902485 -0.193736 -0.790381 0.430475 0.435878 
0.476471 -0.0150401 0.879062 0.384859 0.902537 -0.193161 -0.79048 0.43035 0.435821 
0.476033 -0.0155115 0.879291 0.384738 0.902758 -0.192365 -0.790803 0.429869 0.435711 
0.475763 -0.0160051 0.879428 0.384997 0.902757 -0.191851 -0.790839 0.429853 0.435661 
0.475322 -0.0163912 0.879659 0.385005 0.902889 -0.191213 -0.7911 0.429561 0.435473 
0.475048 -0.0168455 0.879799 0.385279 0.902871 -0.190745 -0.791132 0.429582 0.435397 
0.474633 -0.0171732 0.880016 0.385297 0.902981 -0.190187 -0.791372 0.429337 0.435202 
0.474401 -0.0175906 0.880133 0.38557 0.902951 -0.18978 -0.791378 0.429384 0.435144 
0.474031 -0.0176878 0.88033 0.385568 0.903016 -0.189473 -0.791601 0.429243 0.434878 
0.473685 -0.0180296 0.88051 0.386012 0.902889 -0.189174 -0.791591 0.429497 0.434644 
0.470357 -0.0186168 0.88228 0.386964 0.902884 -0.187245 -0.79311 0.429482 0.431882 
0.462245 -0.0193182 0.886542 0.38865 0.903036 -0.182965 -0.797045 0.42913 0.424932 
0.43492 -0.020457 0.900237 0.394392 0.903078 -0.170016 -0.809506 0.42899 0.400834 
0.401431 -0.0209413 0.915649 0.400404 0.903154 -0.154886 -0.82373 0.428805 0.370939 
0.390905 -0.0207195 0.920198 0.403368 0.902487 -0.151032 -0.827338 0.430218 0.361144 
0.390421 -0.0205141 0.920408 0.402572 0.902908 -0.150641 -0.827954 0.429344 0.360773 
0.390025 -0.0203851 0.920579 0.403292 0.902547 -0.150878 -0.82779 0.430108 0.360237 
0.388366 -0.0203887 0.92128 0.403974 0.902334 -0.150326 -0.828237 0.430555 0.358672 
0.373461 -0.0204857 0.92742 0.405809 0.902626 -0.143476 -0.834174 0.429938 0.345408 
0.361576 -0.0200526 0.932128 0.407585 0.902574 -0.138687 -0.838533 0.430067 0.334522 
0.361209 -0.0200917 0.932269 0.407693 0.902553 -0.13851 -0.838639 0.43011 0.334202 
0.361136 -0.0199976 0.932299 0.407964 0.902406 -0.138673 -0.838539 0.430423 0.33405 
0.360857 -0.0197073 0.932413 0.40839 0.902166 -0.138984 -0.838451 0.430941 0.333601 
0.360947 -0.0196257 0.93238 0.408763 0.901953 -0.139257 -0.83823 0.431387 0.33358 
0.360777 -0.0194799 0.932449 0.408922 0.901863 -0.139377 -0.838226 0.431583 0.333337 
0.356947 -0.0196273 0.933919 0.409597 0.90183 -0.137597 -0.839535 0.431645 0.329945 
0.322886 -0.0205031 0.946216 0.41413 0.902036 -0.121771 -0.851023 0.431175 0.299745 
0.244478 -0.0232411 0.969377 0.421739 0.90275 -0.0847193 -0.873136 0.429536 0.230504 
0.0653814 -0.0255998 0.997532 0.430207 0.902716 -0.00503068 -0.90036 0.429475 0.0700339 
0.0137946 -0.0250468 0.999591 0.431874 0.90178 0.016636 -0.901829 0.431468 0.0232568 
0.0128747 -0.0249881 0.999604 0.432037 0.901697 0.0169761 -0.901765 0.431647 0.0224048 
0.0125766 -0.0247804 0.999614 0.432005 0.901712 0.0169182 -0.901784 0.431626 0.0220457 
0.0152108 -0.0244188 0.999586 0.431372 0.902041 0.0154717 -0.902046 0.430958 0.0242544 
0.0279783 -0.023951 0.999321 0.43092 0.90234 0.00956205 -0.901957 0.43036 0.0355669 
0.0302757 -0.0233485 0.999269 0.430708 0.902455 0.00803691 -0.901984 0.430149 0.0373789 
0.0301199 -0.0232117 0.999277 0.429621 0.902973 0.00802519 -0.902507 0.429069 0.0371697 
0.0299878 -0.0236116 0.999272 0.427757 0.903854 0.00852009 -0.903397 0.42719 0.0372045 
0.0296073 -0.0231964 0.999292 0.427442 0.904004 0.0083201 -0.903558 0.426894 0.0366801 
0.0292212 -0.0227126 0.999315 0.426453 0.904473 0.00808675 -0.904038 0.425926 0.0361157 
0.028859 -0.0222681 0.999335 0.426053 0.904664 0.00785494 -0.904238 0.425543 0.0355952 
0.0286214 -0.0219042 0.99935 0.426014 0.904685 0.00762829 -0.904264 0.425519 0.0352249 
0.028615 -0.0220497 0.999347 0.425866 0.904753 0.00776854 -0.904334 0.425366 0.0352797 
0.0283382 -0.0225425 0.999345 0.425482 0.904929 0.00834755 -0.904524 0.424966 0.0352356 
0.0278784 -0.0229376 0.999348 0.425589 0.904873 0.00889653 -0.904487 0.425064 0.0349885 
0.02741 -0.0234886 0.999349 0.425691 0.904818 0.00959098 -0.904454 0.42515 0.0348001 
0.0268503 -0.0238715 0.999354 0.42579 0.904765 0.010172 -0.904424 0.425242 0.0344575 
0.0267398 -0.0238005 0.999359 0.425923 0.904702 0.0101498 -0.904364 0.425379 0.034329 
0.0264191 -0.0240096 0.999363 0.425989 0.904668 0.0104731 -0.904342 0.425441 0.0341282 
0.0260024 -0.0241555 0.99937 0.42604 0.90464 0.0107807 -0.904331 0.425491 0.0338143 
0.025488 -0.0244256 0.999377 0.426518 0.90441 0.0112268 -0.90412 0.425965 0.0334696 
0.0248566 -0.0249335 0.99938 0.426757 0.904287 0.0119466 -0.904025 0.426196 0.0331181 
0.024298 -0.0250822 0.99939 0.426697 0.904311 0.0123218 -0.904068 0.426138 0.0326755 
0.0220617 -0.0247466 0.99945 0.426575 0.90436 0.012976 -0.904183 0.426054 0.030508 
-0.0356144 -0.0255539 0.99904 0.424293 0.904716 0.0382667 -0.904825 0.425249 -0.0213785 
-0.167691 -0.025648 0.985506 0.41603 0.904446 0.0943287 -0.893756 0.425818 -0.140997 
-0.170087 -0.0259872 0.985087 0.416096 0.904271 0.0956993 -0.893272 0.426168 -0.142992 
-0.178057 -0.0265124 0.983663 0.415344 0.904201 0.0995537 -0.892069 0.426285 -0.149987 
-0.166899 -0.0256284 0.985641 0.415612 0.904682 0.093899 -0.894098 0.425316 -0.140339 
-0.114398 -0.0256903 0.993103 0.418042 0.905604 0.0715823 -0.901196 0.423347 -0.0928599 
-0.248177 -0.0277122 0.968318 0.407904 0.903664 0.130406 -0.878648 0.427345 -0.212965 
-0.246729 -0.027929 0.968682 0.407852 0.903754 0.12994 -0.87908 0.427139 -0.211592 
-0.219741 -0.0273906 0.975173 0.410724 0.904099 0.117945 -0.884884 0.426444 -0.187418 
-0.309859 -0.0292957 0.950331 0.397413 0.904032 0.157446 -0.863742 0.42646 -0.26848 
-0.384773 -0.0272052 0.92261 0.385908 0.903267 0.187577 -0.838466 0.428217 -0.337054 
-0.385046 -0.025023 0.922558 0.386084 0.903589 0.185648 -0.838259 0.427668 -0.338263 
-0.385102 -0.0236002 0.922572 0.386305 0.903756 0.184371 -0.838132 0.427396 -0.338921 
-0.385149 -0.0226328 0.922577 0.38671 0.903739 0.18361 -0.837924 0.427487 -0.339322 
-0.385027 -0.0218827 0.922646 0.38694 0.903783 0.182908 -0.837873 0.427433 -0.339513 
-0.385059 -0.0208989 0.922656 0.38695 0.903968 0.181964 -0.837854 0.427089 -0.339994 
-0.383689 -0.0298587 0.92298 0.385218 0.903189 0.189357 -0.839279 0.428203 -0.335042 
-0.385073 -0.019835 0.922673 0.386946 0.904179 0.180927 -0.837849 0.426694 -0.3405 
-0.384915 -0.0186282 0.922764 0.386913 0.904448 0.179652 -0.837938 0.42618 -0.340928 
-0.384958 -0.0175046 0.922768 0.387079 0.904576 0.17864 -0.837841 0.425953 -0.341448 
-0.384959 -0.0164395 0.922787 0.387202 0.904719 0.177646 -0.837783 0.425693 -0.341914 
-0.38504 -0.0155931 0.922768 0.387345 0.904801 0.176915 -0.83768 0.425549 -0.342345 
-0.385076 -0.0148377 0.922766 0.387551 0.904837 0.176277 -0.837568 0.4255 -0.34268 
-0.385292 -0.0138687 0.922691 0.387792 0.904879 0.175533 -0.837358 0.425443 -0.343264 
-0.385563 -0.013098 0.922588 0.388097 0.904844 0.175038 -0.837091 0.425542 -0.343791 
-0.385674 -0.0123966 0.922552 0.388391 0.904817 0.174526 -0.836904 0.425621 -0.34415 
-0.385968 -0.0117137 0.922438 0.388669 0.904776 0.174117 -0.836639 0.425727 -0.344662 
-0.386292 -0.0111252 0.92231 0.388825 0.904777 0.173766 -0.836417 0.425742 -0.345182 
-0.386779 -0.0107778 0.922109 0.388826 0.904795 0.173668 -0.836192 0.425711 -0.345765 
-0.387286 -0.0103852 0.921901 0.388877 0.904794 0.173558 -0.835933 0.425722 -0.346376 
-0.387683 -0.0100534 0.921738 0.388833 0.904841 0.173412 -0.83577 0.425632 -0.346882 
-0.388841 -0.0097092 0.921254 0.388634 0.904896 0.173571 -0.835324 0.425522 -0.348088 
-0.412416 -0.0104859 0.910935 0.382971 0.90529 0.183807 -0.826587 0.424666 -0.36934 
-0.503007 -0.0134175 0.864178 0.358839 0.906384 0.22294 -0.786269 0.422241 -0.451103 
-0.600191 -0.0166019 0.799685 0.32738 0.907105 0.264542 -0.72979 0.420577 -0.539001 
-0.645876 -0.016421 0.763265 0.312282 0.906621 0.283758 -0.696652 0.421626 -0.580437 
-0.646433 -0.0164417 0.762793 0.312316 0.906466 0.284214 -0.696119 0.421959 -0.580835 
-0.646796 -0.0169172 0.762475 0.312086 0.906347 0.284847 -0.695886 0.422197 -0.580941 
-0.646947 -0.017401 0.762336 0.311914 0.906236 0.285388 -0.695822 0.422415 -0.580859 
-0.647213 -0.017603 0.762106 0.311842 0.906144 0.285759 -0.695607 0.422603 -0.580978 
-0.647376 -0.0177518 0.761964 0.311849 0.906047 0.28606 -0.695453 0.422806 -0.581017 
-0.647675 -0.0177934 0.761709 0.311807 0.905988 0.286291 -0.695193 0.42293 -0.581238 
-0.647991 -0.0181375 0.761432 0.31173 0.905833 0.286865 -0.694933 0.423247 -0.581318 
-0.648072 -0.0182815 0.76136 0.311881 0.905668 0.287221 -0.69479 0.423594 -0.581236 
-0.648125 -0.0185672 0.761308 0.311797 0.9056 0.287528 -0.694778 0.423728 -0.581152 
-0.648148 -0.0184425 0.761292 0.311503 0.90582 0.287151 -0.694889 0.423261 -0.58136 
-0.648089 -0.0184042 0.761342 0.311262 0.905995 0.286861 -0.695051 0.422888 -0.581437 
-0.64846 -0.0186152 0.761021 0.310318 0.906405 0.286591 -0.695128 0.422001 -0.58199 
-0.653384 -0.0190442 0.756788 0.307076 0.907078 0.287945 -0.69195 0.420531 -0.586823 
-0.660125 -0.0196607 0.750898 0.303409 0.907501 0.290492 -0.687152 0.41959 -0.593099 
-0.665835 -0.0201048 0.745828 0.300283 0.907879 0.29255 -0.683003 0.41875 -0.598461 
-0.666074 -0.0204965 0.745604 0.300398 0.907597 0.293305 -0.68272 0.419341 -0.59837 
-0.665973 -0.0207626 0.745686 0.300974 0.907163 0.294059 -0.682565 0.420267 -0.597897 
-0.665932 -0.0210639 0.745715 0.301896 0.906485 0.295201 -0.682198 0.421713 -0.597299 
-0.666042 -0.0213318 0.745609 0.302527 0.905962 0.296162 -0.681811 0.422823 -0.596955 
-0.666031 -0.0215004 0.745614 0.303018 0.905592 0.296789 -0.681603 0.423606 -0.596637 
-0.665997 -0.0213202 0.745651 0.303478 0.905386 0.296947 -0.681432 0.424055 -0.596514 
-0.665968 -0.0209506 0.745686 0.303981 0.905227 0.296916 -0.681236 0.424411 -0.596484 
-0.665937 -0.0204588 0.745727 0.304671 0.905001 0.296901 -0.680958 0.424919 -0.59644 
-0.665211 -0.0195135 0.746401 0.305705 0.904912 0.296109 -0.681204 0.425154 -0.595991 
-0.661087 -0.0181699 0.750089 0.308439 0.90475 0.293758 -0.68398 0.425556 -0.592514 
-0.658139 -0.0171548 0.752701 0.310297 0.904705 0.291933 -0.685981 0.425693 -0.590099 
-0.656907 -0.0162655 0.753797 0.31148 0.90461 0.290964 -0.686624 0.425929 -0.589179 
-0.656726 -0.0155241 0.75397 0.311988 0.904625 0.290375 -0.686567 0.425926 -0.589247 
-0.656744 -0.0147989 0.753969 0.312709 0.904452 0.290137 -0.686222 0.426319 -0.589366 
-0.655399 -0.0138915 0.755155 0.31403 0.9043 0.289182 -0.686904 0.426671 -0.588315 
-0.652474 -0.0129393 0.7577 0.315769 0.904275 0.287359 -0.688888 0.426753 -0.585931 
-0.648506 -0.0119889 0.761115 0.318056 0.904145 0.285241 -0.691578 0.427058 -0.58253 
-0.645513 -0.0112088 0.763667 0.319915 0.903978 0.283687 -0.693517 0.427433 -0.579944 
-0.643838 -0.0104416 0.76509 0.321092 0.903919 0.282542 -0.69453 0.427576 -0.578625 
-0.642414 -0.00982424 0.766295 0.322108 0.903844 0.281623 -0.695379 0.427748 -0.577478 
-0.640811 -0.00924816 0.767643 0.323167 0.903766 0.28066 -0.696365 0.427927 -0.576155 
-0.639311 -0.00868481 0.7689 0.324276 0.903626 0.279829 -0.697228 0.428233 -0.574882 
-0.637896 -0.00816814 0.77008 0.325183 0.903573 0.278949 -0.698101 0.428357 -0.573729 
-0.637055 -0.00749218 0.770782 0.325957 0.903528 0.278188 -0.698507 0.428463 -0.573155 
-0.637185 -0.0069066 0.77068 0.326369 0.903459 0.277932 -0.698197 0.428621 -0.573416 
-0.637014 -0.00632241 0.770826 0.326999 0.90332 0.277642 -0.698058 0.428922 -0.57336 
-0.636839 -0.00585056 0.770974 0.327241 0.903379 0.277163 -0.698104 0.428803 -0.573393 
-0.636861 -0.00516076 0.770962 0.327819 0.903268 0.276845 -0.697813 0.429048 -0.573564 
-0.637102 -0.00491626 0.770764 0.328005 0.903186 0.276886 -0.697504 0.42922 -0.57381 
-0.682489 -0.00655041 0.730867 0.30933 0.903402 0.296951 -0.662212 0.428745 -0.614536 
-0.760828 -0.0104793 0.648869 0.269476 0.904488 0.330581 -0.590358 0.42637 -0.685337 
-0.831289 -0.0105638 0.555739 0.228143 0.905235 0.35847 -0.506861 0.424781 -0.750102 
-0.832852 -0.00967984 0.553411 0.228098 0.904995 0.359104 -0.50431 0.425312 -0.751519 
-0.832791 -0.00903592 0.553514 0.22873 0.904912 0.35891 -0.504124 0.425502 -0.751536 
-0.832518 -0.00827116 0.553937 0.229555 0.904862 0.358511 -0.504201 0.425626 -0.751415 
-0.847512 -0.00888203 0.530703 0.218876 0.905041 0.364683 -0.483547 0.425231 -0.765089 
-0.853527 -0.00765136 0.520992 0.215601 0.905091 0.366506 -0.474349 0.42515 -0.77087 
-0.853322 -0.00769919 0.521329 0.21576 0.905045 0.366527 -0.474648 0.425247 -0.770633 
-0.85797 -0.00886494 0.513623 0.211238 0.905316 0.368484 -0.468257 0.424644 -0.774863 
-0.869137 -0.00989644 0.494473 0.201731 0.905755 0.372711 -0.45156 0.423688 -0.785229 
-0.872288 -0.0106881 0.488876 0.198167 0.906258 0.373398 -0.447039 0.42259 -0.7884 
-0.875276 -0.0116627 0.483483 0.19496 0.906371 0.374811 -0.442586 0.422323 -0.791051 
-0.882176 -0.0129234 0.470743 0.188387 0.906468 0.377923 -0.431597 0.422076 -0.797231 
-0.896678 -0.0144059 0.442448 0.174747 0.906785 0.383671 -0.406733 0.421346 -0.810577 
-0.91223 -0.0164852 0.409348 0.158648 0.907014 0.390073 -0.377714 0.420779 -0.824789 
-0.931596 -0.0183808 0.36303 0.137076 0.907221 0.397695 -0.336659 0.420254 -0.842643 
-0.949922 -0.0209585 0.311784 0.112852 0.907403 0.404827 -0.291398 0.419739 -0.859597 
-0.966916 -0.0237923 0.253982 0.0857157 0.907448 0.411329 -0.240262 0.419491 -0.875387 
-0.980455 -0.0269487 0.194892 0.0578465 0.907309 0.416468 -0.18805 0.419601 -0.888016 
-0.989542 -0.0290193 0.141297 0.0332672 0.907235 0.419305 -0.140358 0.419621 -0.896782 
-0.99269 -0.0299645 0.116911 0.0221156 0.907125 0.42028 -0.118646 0.419793 -0.899832 
-0.994035 -0.0294414 0.105019 0.0175834 0.907024 0.420711 -0.107641 0.420048 -0.901095 
-0.994015 -0.0288384 0.10537 0.0183541 0.90673 0.421312 -0.107692 0.420724 -0.900774 
-0.993977 -0.0276092 0.106053 0.0197855 0.906629 0.421465 -0.107787 0.421025 -0.900622 
-0.993927 -0.0267099 0.106745 0.0209554 0.90639 0.421921 -0.108022 0.421596 -0.900327 
-0.993882 -0.0261002 0.107323 0.0218003 0.906208 0.42227 -0.108278 0.422026 -0.900094 
-0.993833 -0.0254982 0.107918 0.0226152 0.906144 0.422363 -0.108559 0.422199 -0.89998 
-0.993783 -0.0249249 0.10851 0.0234043 0.906074 0.422473 -0.108848 0.422386 -0.899857 
-0.993749 -0.0241877 0.108984 0.0242989 0.905974 0.422635 -0.108959 0.422642 -0.899723 
-0.993707 -0.0231388 0.109593 0.0255381 0.905855 0.422818 -0.109059 0.422956 -0.899564 
-0.99373 -0.0223725 0.109551 0.0261842 0.90597 0.422533 -0.108703 0.422752 -0.899703 
-0.993851 -0.0216529 0.108587 0.0264381 0.905919 0.422625 -0.107522 0.422897 -0.899776 
-0.994243 -0.0210534 0.105066 0.025482 0.905925 0.422671 -0.10408 0.422914 -0.900173 
-0.994629 -0.020619 0.101433 0.0243288 0.905935 0.422716 -0.100608 0.422914 -0.900568 
-0.994638 -0.0205069 0.10136 0.0244407 0.905761 0.423083 -0.100484 0.423292 -0.900404 
-0.994584 -0.0207902 0.101836 0.0243759 0.905806 0.422992 -0.101037 0.423184 -0.900393 
-0.994457 -0.0226511 0.102675 0.0228183 0.906752 0.421045 -0.102638 0.421054 -0.90121 
-0.994382 -0.0231877 0.103284 0.0225207 0.907034 0.420454 -0.103431 0.420417 -0.901416 
-0.994287 -0.0239965 0.104006 0.0220409 0.907242 0.420031 -0.104438 0.419924 -0.90153 
-0.99423 -0.0244685 0.104441 0.0217761 0.907325 0.419865 -0.105036 0.419716 -0.901557 
-0.994162 -0.0251291 0.10493 0.0213785 0.907344 0.419846 -0.105758 0.419638 -0.901509 
-0.994063 -0.0266408 0.105492 0.0202629 0.907271 0.420058 -0.106901 0.419702 -0.901345 
-0.993963 -0.0275898 0.106191 0.0196661 0.90739 0.41983 -0.10794 0.419383 -0.901369 
-0.993883 -0.0280062 0.106833 0.0195751 0.907328 0.419966 -0.108694 0.419489 -0.90123 
-0.993795 -0.0283848 0.107545 0.0195905 0.907105 0.420448 -0.109488 0.419946 -0.90092 
-0.993716 -0.0287512 0.108171 0.019516 0.907131 0.420396 -0.110212 0.419865 -0.90087 
-0.993629 -0.0290263 0.108894 0.0196415 0.906869 0.420954 -0.110972 0.420411 -0.900522 
-0.993547 -0.0291372 0.109613 0.0199333 0.906539 0.421651 -0.111655 0.421115 -0.900109 
-0.993464 -0.0293917 0.110296 0.0200496 0.906323 0.42211 -0.11237 0.421562 -0.89981 
